geoid/ascii _raster_file/corgeo.asc
ncols        97
nrows        172
xllcorner    42.076732000000
yllcorner    -27.368700000000
dx           0.099190995000
dy           0.099447302000
[rows 153 to 169 of 172, columns 0 to 37 of 97]
-0.34565919637680053711 -0.3365007936954498291 -0.32652425765991210938 -0.31563508510589599609 -0.30373430252075195313 -0.29071980714797973633 -0.2764886021614074707 -0.26093873381614685059 -0.24397251009941101074 -0.22549928724765777588 -0.20543906092643737793 -0.18372574448585510254 -0.16031056642532348633 -0.13516496121883392334 -0.10828275233507156372 -0.079681478440761566162 -0.049402371048927307129 -0.017508575692772865295 0.015918662771582603455 0.05078671872615814209 0.087002083659172058105 0.12448622286319732666 0.16319890320301055908 0.20317229628562927246 0.24455903470516204834 0.28769716620445251465 0.33318817615509033203 0.38196477293968200684 0.43527257442474365234 0.49435275793075561523 0.55930167436599731445 0.62602102756500244141 0.68009430170059204102 0.69120484590530395508 0.626102447509765625 0.48680406808853149414 0.31359574198722839355 0.14111559092998504639
-0.33948403596878051758 -0.32998546957969665527 -0.31969189643859863281 -0.30851992964744567871 -0.29638305306434631348 -0.28319332003593444824 -0.26886287331581115723 -0.25330615043640136719 -0.23644217848777770996 -0.21819733083248138428 -0.19850799441337585449 -0.17732346057891845703 -0.15460850298404693604 -0.13034568727016448975 -0.10453709959983825684 -0.077205181121826171875 -0.048392541706562042236 -0.018160350620746612549 0.013415061868727207184 0.04624783247709274292 0.080251023173332214355 0.11534865200519561768 0.15149207413196563721 0.18868106603622436523 0.22698840498924255371 0.26658260822296142578 0.3077335357666015625 0.35076311230659484863 0.39586034417152404785 0.44260147213935852051 0.48892331123352050781 0.52934676408767700195 0.55301821231842041016 0.54442244768142700195 0.4911270439624786377 0.395145416259765625 0.27324855327606201172 0.14529830217361450195
-0.3340759575366973877 -0.32432723045349121094 -0.3138122260570526123 -0.30245774984359741211 -0.29018878936767578125 -0.27692994475364685059 -0.2626069188117980957 -0.24714839458465576172 -0.23048810660839080811 -0.21256701648235321045 -0.19333569705486297607 -0.17275665700435638428 -0.15080647170543670654 -0.1274776458740234375 -0.10277996212244033813 -0.076741233468055725098 -0.049407105892896652222 -0.020839856937527656555 0.0088841421529650688171 0.039678428322076797485 0.07145214080810546875 0.10411739349365234375 0.13759785890579223633 0.17183713614940643311 0.20680287480354309082 0.24247841536998748779 0.27882459759712219238 0.31567987799644470215 0.35254615545272827148 0.38819000124931335449 0.42001447081565856934 0.44333252310752868652 0.4511356651782989502 0.43552803993225097656 0.39146634936332702637 0.3206602632999420166 0.23166358470916748047 0.13605651259422302246
-0.32940843701362609863 -0.31948947906494140625 -0.30883711576461791992 -0.29738754034042358398 -0.2850761711597442627 -0.27183887362480163574 -0.25761339068412780762 -0.24234093725681304932 -0.22596801817417144775 -0.20844836533069610596 -0.18974484503269195557 -0.16983148455619812012 -0.14869523048400878906 -0.12633755803108215332 -0.10277563333511352539 -0.0780429840087890625 -0.05218963325023651123 -0.025281354784965515137 0.0026017383206635713577 0.031367454677820205688 0.060914378613233566284 0.09113483130931854248 0.12191679328680038452 0.15314245223999023438 0.18467898666858673096 0.21635353565216064453 0.24789951741695404053 0.2788549959659576416 0.30839076638221740723 0.33505687117576599121 0.35648542642593383789 0.36920642852783203125 0.36890450119972229004 0.35148382186889648438 0.31485456228256225586 0.2604580223560333252 0.1932926177978515625 0.12039141356945037842
-0.32545113563537597656 -0.31543251872062683105 -0.30471634864807128906 -0.29324740171432495117 -0.28097051382064819336 -0.26783165335655212402 -0.25377929210662841797 -0.23876564204692840576 -0.22274844348430633545 -0.20569251477718353271 -0.18757146596908569336 -0.16836941242218017578 -0.14808249473571777344 -0.12672032415866851807 -0.10430706292390823364 -0.080882132053375244141 -0.056500714272260665894 -0.03123357333242893219 -0.0051666852086782455444 0.02159939892590045929 0.04895000159740447998 0.076755844056606292725 0.10487031936645507813 0.13312217593193054199 0.16129995882511138916 0.18912254273891448975 0.21618828177452087402 0.24189497530460357666 0.2653274238109588623 0.28512579202651977539 0.2993837893009185791 0.30568113923072814941 0.30139309167861938477 0.2843609154224395752 0.25377354025840759277 0.21082231402397155762 0.15868692100048065186 0.10181935131549835205
-0.3221709132194519043 -0.31211453676223754883 -0.30139848589897155762 -0.28997534513473510742 -0.27779844403266906738 -0.26482281088829040527 -0.25100630521774291992 -0.2363109886646270752 -0.2207043766975402832 -0.2041610032320022583 -0.18666385114192962646 -0.1682058870792388916 -0.14879138767719268799 -0.12843729555606842041 -0.10717424750328063965 -0.085047490894794464111 -0.062117513269186019897 -0.038460604846477508545 -0.014169230125844478607 0.010647293180227279663 0.035861529409885406494 0.06132524833083152771 0.086864136159420013428 0.11226814985275268555 0.13727492094039916992 0.16154319047927856445 0.18461322784423828125 0.2058534473180770874 0.22439822554588317871 0.23909497261047363281 0.24849708378314971924 0.25095856189727783203 0.24488319456577301025 0.22912837564945220947 0.2034562528133392334 0.16883179545402526855 0.12739011645317077637 0.082056306302547454834
-0.31953263282775878906 -0.30949261784553527832 -0.29883188009262084961 -0.28751021623611450195 -0.27548858523368835449 -0.26273009181022644043 -0.24920098483562469482 -0.23487189412117004395 -0.21971894800662994385 -0.2037251591682434082 -0.1868817061185836792 -0.16918924450874328613 -0.1506592482328414917 -0.13131512701511383057 -0.1111933588981628418 -0.090344503521919250488 -0.06883411109447479248 -0.046743597835302352905 -0.024171374738216400146 -0.0012342595728114247322 0.021930197253823280334 0.045159980654716491699 0.068262532353401184082 0.091005153954029083252 0.11310054361820220947 0.13418631255626678467 0.15379831194877624512 0.17133982479572296143 0.18605409562587738037 0.19701449573040008545 0.20315483212471008301 0.20336616039276123047 0.19667467474937438965 0.18248258531093597412 0.16080650687217712402 0.13241691887378692627 0.098801583051681518555 0.061945654451847076416
-0.31750011444091796875 -0.30752322077751159668 -0.29696515202522277832 -0.28579211235046386719 -0.27397194504737854004 -0.26147493720054626465 -0.2482747882604598999 -0.23434962332248687744 -0.21968312561511993408 -0.20426566898822784424 -0.18809551000595092773 -0.17118002474308013916 -0.15353685617446899414 -0.13519503176212310791 -0.11619610339403152466 -0.096595190465450286865 -0.076462112367153167725 -0.055882513523101806641 -0.034959305077791213989 -0.013814572244882583618 0.0074077467434108257294 0.028537932783365249634 0.049374748021364212036 0.069677293300628662109 0.08915399014949798584 0.10744865238666534424 0.12412477284669876099 0.13865110278129577637 0.15039485692977905273 0.15863199532032012939 0.16258741915225982666 0.16151501238346099854 0.15481871366500854492 0.14219680428504943848 0.12377083301544189453 0.10015104711055755615 0.072402805089950561523 0.04191165044903755188
-0.31603652238845825195 -0.30616298317909240723 -0.2957477271556854248 -0.28476282954216003418 -0.27318224310874938965 -0.26098263263702392578 -0.24814423918724060059 -0.23465180397033691406 -0.22049550712108612061 -0.20567212998867034912 -0.19018602371215820313 -0.17405028641223907471 -0.15728777647018432617 -0.13993224501609802246 -0.12202942371368408203 -0.10363808274269104004 -0.084831215441226959229 -0.065697371959686279297 -0.046342153102159500122 -0.026890218257904052734 -0.0074879368767142295837 0.011693073436617851257 0.030451186001300811768 0.048548627644777297974 0.065703988075256347656 0.081583954393863677979 0.095795758068561553955 0.1078831404447555542 0.11733037233352661133 0.12358015775680541992 0.1260715872049331665 0.12430106103420257568 0.11790312081575393677 0.10673744231462478638 0.090959809720516204834 0.071051962673664093018 0.04779329150915145874 0.022174540907144546509
-0.31510496139526367188 -0.30536898970603942871 -0.29513034224510192871 -0.28436625003814697266 -0.27305614948272705078 -0.26118236780166625977 -0.24873088300228118896 -0.23569214344024658203 -0.22206200659275054932 -0.20784270763397216797 -0.19304376840591430664 -0.17768308520317077637 -0.16178782284259796143 -0.14539553225040435791 -0.12855516374111175537 -0.11132808774709701538 -0.093789346516132354736 -0.076028853654861450195 -0.058152947574853897095 -0.040286231786012649536 -0.022573875263333320618 -0.0051844962872564792633 0.011686289682984352112 0.027811730280518531799 0.042929500341415405273 0.056737739592790603638 0.068892911076545715332 0.079011693596839904785 0.08667980879545211792 0.09147106856107711792 0.092979118227958679199 0.090862087905406951904 0.084896005690097808838 0.075027793645858764648 0.061414774507284164429 0.044437132775783538818 0.024675250053405761719 0.0028525872621685266495
-0.31466886401176452637 -0.30509930849075317383 -0.29506522417068481445 -0.28454852104187011719 -0.2735335230827331543 -0.26200744509696960449 -0.24996128678321838379 -0.23739045858383178711 -0.22429567575454711914 -0.21068376302719116211 -0.19656859338283538818 -0.18197196722030639648 -0.16692447662353515625 -0.15146660804748535156 -0.13564951717853546143 -0.11953617632389068604 -0.10320241004228591919 -0.086738057434558868408 -0.070248365402221679688 -0.053855527192354202271 -0.037700533866882324219 -0.021945273503661155701 -0.0067749177105724811554 0.0075996713712811470032 0.020939867943525314331 0.032978270202875137329 0.043419841676950454712 0.051946744322776794434 0.058228582143783569336 0.061939705163240432739 0.062784321606159210205 0.060528494417667388916 0.055035445839166641235 0.046298131346702575684 0.034461259841918945313 0.019825430586934089661 0.0028293679933995008469 -0.015988849103450775146
-0.31469231843948364258 -0.30531316995620727539 -0.29550650715827941895 -0.28525841236114501953 -0.27455741167068481445 -0.26339519023895263672 -0.25176694989204406738 -0.23967242240905761719 -0.22711639106273651123 -0.21410955488681793213 -0.20066928863525390625 -0.18682053685188293457 -0.17259649932384490967 -0.15803965926170349121 -0.14320254325866699219 -0.128148689866065979 -0.11295358091592788696 -0.097705669701099395752 -0.082507528364658355713 -0.067477047443389892578 -0.052748788148164749146 -0.038475364446640014648 -0.024828799068927764893 -0.012001578696072101593 -0.00020706209761556237936 0.010321369394659996033 0.019333222880959510803 0.026566822081804275513 0.031759254634380340576 0.034660957753658294678 0.035054996609687805176 0.032779723405838012695 0.027752224355936050415 0.019988466054201126099 0.0096155125647783279419 -0.0031282156705856323242 -0.017906708642840385437 -0.034313257783651351929
-0.3151403963565826416 -0.30597126483917236328 -0.2964102327823638916 -0.28644713759422302246 -0.27607426047325134277 -0.26528698205947875977 -0.2540842592716217041 -0.24246941506862640381 -0.23045065999031066895 -0.21804183721542358398 -0.20526315271854400635 -0.19214190542697906494 -0.1787131577730178833 -0.16502062976360321045 -0.1511173546314239502 -0.1370665132999420166 -0.12294227629899978638 -0.1088306233286857605 -0.094830170273780822754 -0.081053115427494049072 -0.067626081407070159912 -0.054690871387720108032 -0.042405024170875549316 -0.030941892415285110474 -0.020489973947405815125 -0.01125098206102848053 -0.0034361828584223985672 0.0027396243531256914139 0.0070669515989720821381 0.0093534737825393676758 0.0094385296106338500977 0.0072091547772288322449 0.0026156872045248746872 -0.004315679892897605896 -0.01347620692104101181 -0.024676058441400527954 -0.037654891610145568848 -0.052100859582424163818
-0.31597930192947387695 -0.30703586339950561523 -0.29773467779159545898 -0.28806883096694946289 -0.27803382277488708496 -0.26762828230857849121 -0.2568543553352355957 -0.24571835994720458984 -0.2342312932014465332 -0.2224095761775970459 -0.21027554571628570557 -0.1978581845760345459 -0.18519376218318939209 -0.17232650518417358398 -0.15930922329425811768 -0.1462039947509765625 -0.13308286666870117188 -0.12002842128276824951 -0.10713443905115127563 -0.094506494700908660889 -0.082262381911277770996 -0.070532374083995819092 -0.059459220618009567261 -0.049197532236576080322 -0.039912488311529159546 -0.031777393072843551636 -0.024969857186079025269 -0.019666219130158424377 -0.016034012660384178162 -0.01422259211540222168 -0.01435230206698179245 -0.016503142192959785461 -0.020704319700598716736 -0.026926375925540924072 -0.035077657550573348999 -0.045006349682807922363 -0.056508634239435195923 -0.069342300295829772949
-0.31717649102210998535 -0.30847099423408508301 -0.29944026470184326172 -0.29008021950721740723 -0.2803891599178314209 -0.27036845684051513672 -0.26002296805381774902 -0.24936142563819885254 -0.23839715123176574707 -0.22714847326278686523 -0.21563935279846191406 -0.20389986038208007813 -0.19196686148643493652 -0.17988447844982147217 -0.16770468652248382568 -0.15548783540725708008 -0.14330317080020904541 -0.13122929632663726807 -0.11935455352067947388 -0.10777734220027923584 -0.096606239676475524902 -0.085959933698177337646 -0.075966723263263702393 -0.066763594746589660645 -0.058494515717029571533 -0.051307920366525650024 -0.045353028923273086548 -0.040774907916784286499 -0.037708293646574020386 -0.036270216107368469238 -0.036551985889673233032 -0.038611132651567459106 -0.042464368045330047607 -0.048082645982503890991 -0.055389400571584701538 -0.064262673258781433105 -0.074541375041007995605 -0.086035199463367462158
-0.31870090961456298828 -0.31024253368377685547 -0.30148974061012268066 -0.29244086146354675293 -0.28309664130210876465 -0.27346074581146240234 -0.26354020833969116211 -0.25334584712982177734 -0.24289272725582122803 -0.23220062255859375 -0.22129456698894500732 -0.21020527184009552002 -0.19896960258483886719 -0.18763113021850585938 -0.17624047398567199707 -0.16485576331615447998 -0.15354301035404205322 -0.14237639307975769043 -0.13143849372863769531 -0.12082031369209289551 -0.1106212809681892395 -0.10094877332448959351 -0.091917470097541809082 -0.083648182451725006104 -0.076266027987003326416 -0.06989800184965133667 -0.064669586718082427979 -0.060700606554746627808 -0.058100130409002304077 -0.05696080625057220459 -0.057352866977453231812 -0.059318419545888900757 -0.062866650521755218506 -0.067970715463161468506 -0.07456699758768081665 -0.082557059824466705322 -0.091812461614608764648 -0.10218211263418197632
-0.32052299380302429199 -0.31231823563575744629 -0.30384814739227294922 -0.29511305689811706543 -0.28611579537391662598 -0.27686199545860290527 -0.26736050844192504883 -0.2576236724853515625 -0.24766790866851806641 -0.23751406371593475342 -0.22718775272369384766 -0.21671989560127258301 -0.20614698529243469238 -0.19551154971122741699 -0.18486249446868896484 -0.1742554008960723877 -0.16375270485877990723 -0.1534239649772644043 -0.14334583282470703125 -0.13360205292701721191 -0.12428309768438339233 -0.11548569053411483765 -0.10731194168329238892 -0.09986807405948638916 -0.093262702226638793945 -0.087604500353336334229 -0.082999296486377716064 -0.079546503722667694092 -0.077335111796855926514 -0.076439246535301208496 -0.076913729310035705566 -0.078789979219436645508 -0.082072749733924865723 -0.086738169193267822266 -0.092733509838581085205 -0.099978931248188018799 -0.10837122052907943726 -0.11778923869132995605
