geoid/ascii _raster_file/corgeo.asc
ncols        97
nrows        172
xllcorner    42.076732000000
yllcorner    -27.368700000000
dx           0.099190995000
dy           0.099447302000
[rows 68 to 84 of 172, columns 38 to 75 of 97]
-0.83474820852279663086 -0.82046806812286376953 -0.80455005168914794922 -0.78670501708984375 -0.76665633916854858398 -0.74414324760437011719 -0.71891844272613525391 -0.69073772430419921875 -0.65934020280838012695 -0.62441992759704589844 -0.58559125661849975586 -0.54235368967056274414 -0.49406263232231140137 -0.43991908431053161621 -0.37899339199066162109 -0.31030803918838500977 -0.23301297426223754883 -0.14669962227344512939 -0.051905576139688491821 0.049156866967678070068 0.15169802308082580566 0.24752579629421234131 0.32488164305686950684 0.36979922652244567871 0.36956959962844848633 0.31757646799087524414 0.2170003354549407959 0.080707378685474395752 -0.072865068912506103516 -0.22509767115116119385 -0.36086553335189819336 -0.4697055816650390625 -0.54578059911727905273 -0.58825361728668212891 -0.60202068090438842773 -0.59678465127944946289 -0.58347707986831665039 -0.57041811943054199219
-0.81752812862396240234 -0.80258077383041381836 -0.78614813089370727539 -0.76791977882385253906 -0.74759405851364135742 -0.7248833775520324707 -0.69951218366622924805 -0.67120569944381713867 -0.63966542482376098633 -0.6045328974723815918 -0.56534308195114135742 -0.52147114276885986328 -0.47208234667778015137 -0.41609546542167663574 -0.35217925906181335449 -0.27881085872650146484 -0.19444064795970916748 -0.097830548882484436035 0.011342436075210571289 0.13152109086513519287 0.25791752338409423828 0.38101416826248168945 0.48570272326469421387 0.55251300334930419922 0.56231468915939331055 0.50385320186614990234 0.38008078932762145996 0.20838440954685211182 0.014207280240952968597 -0.17714622616767883301 -0.34564220905303955078 -0.47783607244491577148 -0.56680661439895629883 -0.61282461881637573242 -0.62391591072082519531 -0.6135234832763671875 -0.59522581100463867188 -0.57838457822799682617
-0.8037382960319519043 -0.78840529918670654297 -0.77169239521026611328 -0.75325530767440795898 -0.73276269435882568359 -0.70990556478500366211 -0.68439751863479614258 -0.65596145391464233398 -0.6243000030517578125 -0.5890483856201171875 -0.54971200227737426758 -0.50559288263320922852 -0.45571270585060119629 -0.39874473214149475098 -0.33297589421272277832 -0.25633096694946289063 -0.16651353240013122559 -0.061349470168352127075 0.060534354299306869507 0.1985264122486114502 0.3482150733470916748 0.49911287426948547363 0.63288098573684692383 0.72420370578765869141 0.74680298566818237305 0.6842390894889831543 0.53945356607437133789 0.33517742156982421875 0.10451249033212661743 -0.12059117108583450317 -0.31590151786804199219 -0.46618485450744628906 -0.56486552953720092773 -0.61437463760375976563 -0.62571698427200317383 -0.61468392610549926758 -0.59589993953704833984 -0.57887339591979980469
-0.7931035161018371582 -0.77767676115036010742 -0.76092588901519775391 -0.74245721101760864258 -0.7219035029411315918 -0.69894033670425415039 -0.67329055070877075195 -0.64470881223678588867 -0.61294502019882202148 -0.57768452167510986328 -0.53846782445907592773 -0.49459317326545715332 -0.44501042366027832031 -0.38821896910667419434 -0.3221924901008605957 -0.24436828494071960449 -0.1517629772424697876 -0.041318681091070175171 0.089353628456592559814 0.2405977100133895874 0.40847870707511901855 0.58179914951324462891 0.73949313163757324219 0.85124135017395019531 0.88485735654830932617 0.82017558813095092773 0.66115003824234008789 0.43562287092208862305 0.18271939456462860107 -0.061327006667852401733 -0.27045387029647827148 -0.42967054247856140137 -0.53408616781234741211 -0.58828157186508178711 -0.60462009906768798828 -0.5988915562629699707 -0.58498442173004150391 -0.57183367013931274414
-0.7854105830192565918 -0.77020305395126342773 -0.75366920232772827148 -0.73534536361694335938 -0.71481835842132568359 -0.69175457954406738281 -0.66590940952301025391 -0.63710993528366088867 -0.60520821809768676758 -0.57000696659088134766 -0.5311591029167175293 -0.48804563283920288086 -0.43963885307312011719 -0.38436597585678100586 -0.3199990689754486084 -0.24361720681190490723 -0.15171353518962860107 -0.040566131472587585449 0.092936553061008453369 0.24974225461483001709 0.4260902702808380127 0.61010414361953735352 0.77887558937072753906 0.89939790964126586914 0.93728810548782348633 0.87231397628784179688 0.71067792177200317383 0.48304107785224914551 0.23009476065635681152 -0.012025301344692707062 -0.21851243078708648682 -0.37623918056488037109 -0.48216146230697631836 -0.54174351692199707031 -0.56656926870346069336 -0.5704295039176940918 -0.56526857614517211914 -0.55900311470031738281
-0.78050959110260009766 -0.76586592197418212891 -0.74982267618179321289 -0.73181587457656860352 -0.71137124300003051758 -0.68815159797668457031 -0.6619732975959777832 -0.63278365135192871094 -0.60060071945190429688 -0.56542056798934936523 -0.52709567546844482422 -0.48518824577331542969 -0.43880259990692138672 -0.38641408085823059082 -0.32572805881500244141 -0.25362768769264221191 -0.16630031168460845947 -0.059674013406038284302 0.06963850557804107666 0.22262978553771972656 0.3952198326587677002 0.57490205764770507813 0.73832565546035766602 0.85323303937911987305 0.88794684410095214844 0.8260008692741394043 0.67581093311309814453 0.4668483734130859375 0.23600837588310241699 0.015142361633479595184 -0.1743767857551574707 -0.3217080533504486084 -0.42480993270874023438 -0.48852166533470153809 -0.52219688892364501953 -0.53668272495269775391 -0.54149872064590454102 -0.54330021142959594727
-0.77830755710601806641 -0.76461571455001831055 -0.74936199188232421875 -0.73183810710906982422 -0.71148532629013061523 -0.687969207763671875 -0.66120219230651855469 -0.63130939006805419922 -0.59854602813720703125 -0.56318235397338867188 -0.52536129951477050781 -0.48492896556854248047 -0.44123691320419311523 -0.39293324947357177734 -0.33778864145278930664 -0.27263882756233215332 -0.19355748593807220459 -0.096401646733283996582 0.022098474204540252686 0.16252942383289337158 0.32023268938064575195 0.48252749443054199219 0.6274369359016418457 0.72674447298049926758 0.75499844551086425781 0.7010129094123840332 0.57378727197647094727 0.39803564548492431641 0.20345835387706756592 0.015553990378975868225 -0.14841344952583312988 -0.27954447269439697266 -0.37592333555221557617 -0.44091141223907470703 -0.48120164871215820313 -0.50466001033782958984 -0.51842451095581054688 -0.52780854701995849609
-0.77874898910522460938 -0.76645028591156005859 -0.7523174285888671875 -0.73543429374694824219 -0.71512436866760253906 -0.69106453657150268555 -0.66331046819686889648 -0.63223373889923095703 -0.59840303659439086914 -0.56244099140167236328 -0.52486562728881835938 -0.48590460419654846191 -0.44526898860931396484 -0.4018974006175994873 -0.35373446345329284668 -0.29766154289245605469 -0.22973267734050750732 -0.14586126804351806641 -0.043061982840299606323 0.078731879591941833496 0.2144717872142791748 0.35213318467140197754 0.47269102931022644043 0.55371099710464477539 0.57669287919998168945 0.5348008275032043457 0.43579903244972229004 0.29821619391441345215 0.143987998366355896 -0.0077241691760718822479 -0.14347021281719207764 -0.25586521625518798828 -0.34273377060890197754 -0.40585237741470336914 -0.44951644539833068848 -0.47905153036117553711 -0.49953478574752807617 -0.51500147581100463867
-0.78176903724670410156 -0.77136129140853881836 -0.75871646404266357422 -0.74262154102325439453 -0.72223716974258422852 -0.6972687840461730957 -0.66798007488250732422 -0.63507175445556640625 -0.5995013117790222168 -0.56230676174163818359 -0.52444428205490112305 -0.48660442233085632324 -0.44896173477172851563 -0.41085603833198547363 -0.37048795819282531738 -0.32480779290199279785 -0.2698154449462890625 -0.2014172971248626709 -0.11682455241680145264 -0.01629541441798210144 0.095184586942195892334 0.20699509978294372559 0.30375388264656066895 0.36871683597564697266 0.38906744122505187988 0.36059471964836120605 0.28896358609199523926 0.1869990229606628418 0.070043608546257019043 -0.04803067818284034729 -0.15696148574352264404 -0.25061339139938354492 -0.3265756070613861084 -0.38535228371620178223 -0.42938286066055297852 -0.46203693747520446777 -0.4867483973503112793 -0.50643771886825561523
-0.78720194101333618164 -0.77922105789184570313 -0.76845663785934448242 -0.75327926874160766602 -0.73263216018676757813 -0.70628243684768676758 -0.67479377985000610352 -0.63929200172424316406 -0.60118544101715087891 -0.56195533275604248047 -0.52301698923110961914 -0.4855721890926361084 -0.45035320520401000977 -0.41721814870834350586 -0.38470238447189331055 -0.34980186820030212402 -0.30832457542419433594 -0.25596272945404052734 -0.189884185791015625 -0.11036814004182815552 -0.021940771490335464478 0.066503301262855529785 0.1430222243070602417 0.19543878734111785889 0.21486599743366241455 0.1984065622091293335 0.14968161284923553467 0.077107071876525878906 -0.0089242337271571159363 -0.098583690822124481201 -0.18415713310241699219 -0.26060861349105834961 -0.3254795074462890625 -0.3784268796443939209 -0.42059421539306640625 -0.45394635200500488281 -0.480682373046875 -0.50281608104705810547
-0.79462862014770507813 -0.78958231210708618164 -0.78106957674026489258 -0.76690024137496948242 -0.74574267864227294922 -0.71748459339141845703 -0.68311214447021484375 -0.6442763209342956543 -0.60286575555801391602 -0.5607706904411315918 -0.51981633901596069336 -0.4817110598087310791 -0.44782391190528869629 -0.41867774724960327148 -0.39326703548431396484 -0.36862486600875854492 -0.34019383788108825684 -0.30319082736968994141 -0.25447884202003479004 -0.19411313533782958984 -0.12596991658210754395 -0.057288162410259246826 0.0027880009729415178299 0.045375540852546691895 0.064121715724468231201 0.056753523647785186768 0.02531168423593044281 -0.024887017905712127686 -0.086941733956336975098 -0.15398688614368438721 -0.22030206024646759033 -0.28183534741401672363 -0.33626762032508850098 -0.38278600573539733887 -0.42170441150665283203 -0.45403450727462768555 -0.48109123110771179199 -0.50419068336486816406
-0.80317717790603637695 -0.80139362812042236328 -0.79537045955657958984 -0.78221708536148071289 -0.7602837681770324707 -0.72966557741165161133 -0.69190770387649536133 -0.64926499128341674805 -0.60407549142837524414 -0.55851978063583374023 -0.51468950510025024414 -0.47471341490745544434 -0.44064286351203918457 -0.4138552248477935791 -0.39403262734413146973 -0.37833663821220397949 -0.36172252893447875977 -0.33869689702987670898 -0.30560106039047241211 -0.2621097266674041748 -0.21140460669994354248 -0.15930326282978057861 -0.11282300204038619995 -0.078558214008808135986 -0.061228778213262557983 -0.062775522470474243164 -0.082242622971534729004 -0.11639010906219482422 -0.16071298718452453613 -0.21047671139240264893 -0.2615006864070892334 -0.3105996251106262207 -0.35571971535682678223 -0.39585581421852111816 -0.43083915114402770996 -0.46107029914855957031 -0.48725840449333190918 -0.51020795106887817383
-0.81137228012084960938 -0.81274831295013427734 -0.80912303924560546875 -0.79684275388717651367 -0.77394235134124755859 -0.74081397056579589844 -0.69965785741806030273 -0.65333956480026245117 -0.60453635454177856445 -0.55551934242248535156 -0.5084107518196105957 -0.46556863188743591309 -0.42969179153442382813 -0.40321201086044311523 -0.38685396313667297363 -0.37817454338073730469 -0.37165498733520507813 -0.36093476414680480957 -0.34166026115417480469 -0.31299853324890136719 -0.27742183208465576172 -0.23955212533473968506 -0.20480914413928985596 -0.17819197475910186768 -0.16333524882793426514 -0.16196371614933013916 -0.17382238805294036865 -0.19703614711761474609 -0.22872851788997650146 -0.26568645238876342773 -0.30490669608116149902 -0.34394630789756774902 -0.38107663393020629883 -0.41528031229972839355 -0.44614517688751220703 -0.47370588779449462891 -0.49827611446380615234 -0.52030169963836669922
-0.81724947690963745117 -0.82098108530044555664 -0.81911289691925048828 -0.80734968185424804688 -0.78349649906158447266 -0.74827659130096435547 -0.70450484752655029297 -0.65553897619247436523 -0.60421758890151977539 -0.55267697572708129883 -0.50279802083969116211 -0.4568831026554107666 -0.41809704899787902832 -0.39001333713531494141 -0.37478080391883850098 -0.3707834780216217041 -0.37224093079566955566 -0.3719132840633392334 -0.36464124917984008789 -0.34896174073219299316 -0.32660472393035888672 -0.30116242170333862305 -0.27683421969413757324 -0.25748276710510253906 -0.24599261581897735596 -0.24392245709896087646 -0.25145432353019714355 -0.26760381460189819336 -0.29059892892837524414 -0.31830877065658569336 -0.34862115979194641113 -0.37971091270446777344 -0.41018402576446533203 -0.43911409378051757813 -0.46599999070167541504 -0.49067839980125427246 -0.51321995258331298828 -0.53383117914199829102
-0.818943023681640625 -0.82347321510314941406 -0.82212251424789428711 -0.81032186746597290039 -0.78582584857940673828 -0.74960750341415405273 -0.704853057861328125 -0.65515911579132080078 -0.60333621501922607422 -0.55123239755630493164 -0.50028979778289794922 -0.45245429873466491699 -0.41100114583969116211 -0.38043135404586791992 -0.36444428563117980957 -0.36266249418258666992 -0.36947864294052124023 -0.37705099582672119141 -0.37949517369270324707 -0.37466984987258911133 -0.36353501677513122559 -0.34876284003257751465 -0.3335799872875213623 -0.32100081443786621094 -0.31335780024528503418 -0.3120594024658203125 -0.3175443112850189209 -0.32940176129341125488 -0.34660443663597106934 -0.36778604984283447266 -0.39150062203407287598 -0.41642242670059204102 -0.4414698183536529541 -0.46585619449615478516 -0.48908418416976928711 -0.51090246438980102539 -0.53124511241912841797 -0.55016827583312988281
-0.81558513641357421875 -0.81899088621139526367 -0.81663370132446289063 -0.80418556928634643555 -0.77957433462142944336 -0.74384343624114990234 -0.70016956329345703125 -0.65207779407501220703 -0.60221970081329345703 -0.55214554071426391602 -0.50283247232437133789 -0.45567771792411804199 -0.41361835598945617676 -0.38147068023681640625 -0.36404159665107727051 -0.36226937174797058105 -0.37131386995315551758 -0.38343945145606994629 -0.39246788620948791504 -0.395702362060546875 -0.39334589242935180664 -0.38721075654029846191 -0.37968659400939941406 -0.37309411168098449707 -0.36931124329566955566 -0.36958289146423339844 -0.37447160482406616211 -0.38392046093940734863 -0.39739447832107543945 -0.41405957937240600586 -0.43295937776565551758 -0.45316103100776672363 -0.47385555505752563477 -0.49441039562225341797 -0.51438194513320922852 -0.53349918127059936523 -0.5516306757926940918 -0.56874638795852661133
-0.80784332752227783203 -0.80851083993911743164 -0.80389326810836791992 -0.79033160209655761719 -0.76610225439071655273 -0.73214811086654663086 -0.69130295515060424805 -0.64677804708480834961 -0.60102599859237670898 -0.55541652441024780273 -0.51060593128204345703 -0.46742942929267883301 -0.42810425162315368652 -0.39692088961601257324 -0.37881019711494445801 -0.37561959028244018555 -0.38382333517074584961 -0.39678171277046203613 -0.40875193476676940918 -0.41678869724273681641 -0.4204235076904296875 -0.42065337300300598145 -0.41909503936767578125 -0.4174429774284362793 -0.41715267300605773926 -0.41927295923233032227 -0.42438641190528869629 -0.43263208866119384766 -0.4437866508960723877 -0.45737677812576293945 -0.47279763221740722656 -0.4894167780876159668 -0.50665187835693359375 -0.52401804924011230469 -0.54114776849746704102 -0.55778926610946655273 -0.57379162311553955078 -0.58908265829086303711
