geoid/ascii _raster_file/corgeo.asc
ncols        97
nrows        172
xllcorner    42.076732000000
yllcorner    -27.368700000000
dx           0.099190995000
dy           0.099447302000
[rows 17 to 33 of 172, columns 38 to 75 of 97]
-1.0609414577484130859 -1.0665024518966674805 -1.072420954704284668 -1.0787525177001953125 -1.085558772087097168 -1.0929071903228759766 -1.1008713245391845703 -1.1095304489135742188 -1.1189699172973632813 -1.1292806863784790039 -1.1405588388442993164 -1.1529051065444946289 -1.1664247512817382813 -1.1812262535095214844 -1.1974205970764160156 -1.2151197195053100586 -1.2344356775283813477 -1.2554780244827270508 -1.2783509492874145508 -1.3031500577926635742 -1.3299564123153686523 -1.358828425407409668 -1.3897901773452758789 -1.4228142499923706055 -1.4577951431274414063 -1.4945129156112670898 -1.5325804948806762695 -1.5713765621185302734 -1.6099638938903808594 -1.6470079421997070313 -1.6807305812835693359 -1.7089567184448242188 -1.7293262481689453125 -1.7397249937057495117 -1.738873600959777832 -1.7268668413162231445 -1.7053557634353637695 -1.6771957874298095703
-1.0585417747497558594 -1.0638047456741333008 -1.069407343864440918 -1.0754077434539794922 -1.0818704366683959961 -1.0888669490814208984 -1.0964750051498413086 -1.1047794818878173828 -1.113871455192565918 -1.1238480806350708008 -1.1348128318786621094 -1.1468739509582519531 -1.1601446866989135742 -1.1747418642044067383 -1.1907849311828613281 -1.2083945274353027344 -1.2276911735534667969 -1.2487930059432983398 -1.2718129158020019531 -1.2968552112579345703 -1.3240102529525756836 -1.3533469438552856445 -1.3849020004272460938 -1.4186631441116333008 -1.4545441865921020508 -1.4923490285873413086 -1.5317176580429077148 -1.5720543861389160156 -1.6124345064163208008 -1.6515023708343505859 -1.6873924732208251953 -1.7177392244338989258 -1.7398729324340820313 -1.7512897253036499023 -1.7503670454025268555 -1.7370814085006713867 -1.71331024169921875 -1.682429194450378418
-1.0560642480850219727 -1.0609893798828125 -1.0662306547164916992 -1.0718482732772827148 -1.0779100656509399414 -1.0844911336898803711 -1.0916734933853149414 -1.099547266960144043 -1.1082092523574829102 -1.117763519287109375 -1.128319859504699707 -1.139994502067565918 -1.1529079675674438477 -1.1671848297119140625 -1.1829520463943481445 -1.2003370523452758789 -1.2194668054580688477 -1.240464329719543457 -1.2634465694427490234 -1.2885203361511230469 -1.3157769441604614258 -1.3452852964401245117 -1.3770816326141357422 -1.4111531972885131836 -1.4474157094955444336 -1.4856777191162109375 -1.5255897045135498047 -1.5665719509124755859 -1.6077182292938232422 -1.6476843357086181641 -1.6845879554748535156 -1.7159876823425292969 -1.7390503883361816406 -1.7510255575180053711 -1.7500391006469726563 -1.7359560728073120117 -1.7108082771301269531 -1.6783740520477294922
-1.053545832633972168 -1.0580924749374389648 -1.0629254579544067383 -1.0681071281433105469 -1.0737079381942749023 -1.0798064470291137695 -1.086489558219909668 -1.0938520431518554688 -1.1019971370697021484 -1.1110347509384155273 -1.1210825443267822266 -1.1322636604309082031 -1.1447062492370605469 -1.1585421562194824219 -1.1739046573638916016 -1.1909269094467163086 -1.2097398042678833008 -1.2304681539535522461 -1.2532280683517456055 -1.2781223058700561523 -1.3052346706390380859 -1.3346227407455444336 -1.3663070201873779297 -1.4002565145492553711 -1.4363663196563720703 -1.4744249582290649414 -1.5140668153762817383 -1.5547051429748535156 -1.5954418182373046875 -1.634960174560546875 -1.671423792839050293 -1.702443242073059082 -1.7252191305160522461 -1.7369902133941650391 -1.735831141471862793 -1.7215700149536132813 -1.6962983608245849609 -1.6639713048934936523
-1.0510305166244506836 -1.0551575422286987305 -1.0595339536666870117 -1.0642241239547729492 -1.0693011283874511719 -1.0748468637466430664 -1.080952763557434082 -1.087718963623046875 -1.0952545404434204102 -1.103676915168762207 -1.1131103038787841797 -1.1236858367919921875 -1.1355392932891845703 -1.1488095521926879883 -1.163636326789855957 -1.1801573038101196289 -1.198505401611328125 -1.2188049554824829102 -1.2411668300628662109 -1.2656840085983276367 -1.2924249172210693359 -1.3214248418807983398 -1.3526755571365356445 -1.3861099481582641602 -1.4215811491012573242 -1.4588323831558227539 -1.497454524040222168 -1.5368268489837646484 -1.576041102409362793 -1.613811492919921875 -1.6483933925628662109 -1.6775635480880737305 -1.6987545490264892578 -1.7094614505767822266 -1.7079651355743408203 -1.6941870450973510742 -1.6701873540878295898 -1.6398146152496337891
-1.0485694408416748047 -1.0522352457046508789 -1.0561059713363647461 -1.0602474212646484375 -1.0647349357604980469 -1.0696541070938110352 -1.0751007795333862305 -1.081180572509765625 -1.0880092382431030273 -1.0957109928131103516 -1.1044185161590576172 -1.1142710447311401367 -1.1254128217697143555 -1.1379899978637695313 -1.1521489620208740234 -1.1680320501327514648 -1.1857732534408569336 -1.2054946422576904297 -1.2272993326187133789 -1.2512663602828979492 -1.2774426937103271484 -1.3058334589004516602 -1.3363910913467407227 -1.3689997196197509766 -1.4034551382064819336 -1.4394371509552001953 -1.4764734506607055664 -1.513892054557800293 -1.5507620573043823242 -1.5858319997787475586 -1.6174832582473754883 -1.6437410116195678711 -1.6624175310134887695 -1.6714690923690795898 -1.6695942878723144531 -1.6569230556488037109 -1.635413050651550293 -1.6085504293441772461
-1.0462223291397094727 -1.0493854284286499023 -1.0527004003524780273 -1.0562338829040527344 -1.0600636005401611328 -1.064278721809387207 -1.0689792633056640625 -1.0742771625518798828 -1.0802948474884033203 -1.0871648788452148438 -1.0950287580490112305 -1.1040350198745727539 -1.1143372058868408203 -1.1260907649993896484 -1.1394494771957397461 -1.1545610427856445313 -1.1715612411499023438 -1.1905696392059326172 -1.2116805315017700195 -1.2349569797515869141 -1.2604212760925292969 -1.2880444526672363281 -1.3177342414855957031 -1.3493202924728393555 -1.3825342655181884766 -1.4169875383377075195 -1.4521404504776000977 -1.4872683286666870117 -1.5214238166809082031 -1.5534045696258544922 -1.5817457437515258789 -1.6047673225402832031 -1.6207268238067626953 -1.628121495246887207 -1.6261394023895263672 -1.6151411533355712891 -1.596912384033203125 -1.5744165182113647461
-1.0440577268600463867 -1.0466773509979248047 -1.0493857860565185547 -1.0522506237030029297 -1.0553513765335083008 -1.0587805509567260742 -1.0626431703567504883 -1.0670572519302368164 -1.0721532106399536133 -1.0780725479125976563 -1.0849670171737670898 -1.0929963588714599609 -1.102325439453125 -1.1131206750869750977 -1.125545501708984375 -1.1397550106048583984 -1.1558891534805297852 -1.1740654706954956055 -1.194371342658996582 -1.2168538570404052734 -1.2415107488632202148 -1.2682788372039794922 -1.2970215082168579102 -1.3275150060653686523 -1.3594312667846679688 -1.3923195600509643555 -1.4255850315093994141 -1.4584678411483764648 -1.4900263547897338867 -1.5191329717636108398 -1.5444996356964111328 -1.5647507905960083008 -1.5785735845565795898 -1.5849556922912597656 -1.583493351936340332 -1.5746835470199584961 -1.5600497722625732422 -1.5419653654098510742
-1.0421550273895263672 -1.0441912412643432617 -1.0462423563003540039 -1.0483759641647338867 -1.0506734848022460938 -1.0532305240631103516 -1.0561573505401611328 -1.0595785379409790039 -1.0636334419250488281 -1.0684739351272583008 -1.0742639303207397461 -1.0811764001846313477 -1.0893902778625488281 -1.0990861654281616211 -1.1104404926300048828 -1.1236191987991333008 -1.1387693881988525391 -1.156010746955871582 -1.1754255294799804688 -1.197048187255859375 -1.2208547592163085938 -1.2467508316040039063 -1.2745606899261474609 -1.3040144443511962891 -1.3347352743148803711 -1.3662269115447998047 -1.3978615999221801758 -1.428872227668762207 -1.4583535194396972656 -1.4852794408798217773 -1.5085486173629760742 -1.5270659923553466797 -1.5398716926574707031 -1.5463094711303710938 -1.5462094545364379883 -1.5400365591049194336 -1.5289449691772460938 -1.5146954059600830078
-1.0406053066253662109 -1.0420198440551757813 -1.0433629751205444336 -1.044701695442199707 -1.0461183786392211914 -1.0477119684219360352 -1.0495979785919189453 -1.0519087314605712891 -1.0547930002212524414 -1.0584151744842529297 -1.0629534721374511719 -1.0685970783233642578 -1.0755425691604614258 -1.0839886665344238281 -1.0941298007965087891 -1.1061474084854125977 -1.1202008724212646484 -1.1364169120788574219 -1.1548774242401123047 -1.1756087541580200195 -1.1985696554183959961 -1.22364044189453125 -1.2506133317947387695 -1.2791827917098999023 -1.308938145637512207 -1.3393577337265014648 -1.3698056936264038086 -1.3995367288589477539 -1.4277089834213256836 -1.4534151554107666016 -1.4757320880889892578 -1.4937953948974609375 -1.5068926811218261719 -1.5145620107650756836 -1.5166753530502319336 -1.5134930610656738281 -1.5056917667388916016 -1.4944008588790893555
-1.0395133495330810547 -1.0402705669403076172 -1.0408558845520019531 -1.0413346290588378906 -1.0417896509170532227 -1.0423228740692138672 -1.0430551767349243164 -1.044127345085144043 -1.0456993579864501953 -1.047949671745300293 -1.0510736703872680664 -1.0552804470062255859 -1.0607888698577880859 -1.0678211450576782227 -1.0765955448150634766 -1.0873160362243652344 -1.1001607179641723633 -1.1152696609497070313 -1.1327309608459472656 -1.1525682210922241211 -1.1747283935546875 -1.1990724802017211914 -1.2253679037094116211 -1.2532842159271240234 -1.2823904752731323242 -1.3121578693389892578 -1.3419644832611083984 -1.3711086511611938477 -1.3988292217254638672 -1.4243396520614624023 -1.4468723535537719727 -1.4657316207885742188 -1.4803462028503417969 -1.4903043508529663086 -1.4953633546829223633 -1.4954427480697631836 -1.4906560182571411133 -1.4814665317535400391
-1.0389991998672485352 -1.0390675067901611328 -1.0388467311859130859 -1.0383994579315185547 -1.0378086566925048828 -1.0371782779693603516 -1.0366350412368774414 -1.0363286733627319336 -1.0364316701889038086 -1.0371392965316772461 -1.0386670827865600586 -1.0412486791610717773 -1.0451307296752929688 -1.0505658388137817383 -1.0578037500381469727 -1.0670794248580932617 -1.0785982608795166016 -1.0925221443176269531 -1.1089518070220947266 -1.1279144287109375 -1.149350285530090332 -1.1731054782867431641 -1.1989283561706542969 -1.226469874382019043 -1.2552894353866577148 -1.2848631143569946289 -1.3145976066589355469 -1.3438476324081420898 -1.3719390630722045898 -1.3981983661651611328 -1.4219831228256225586 -1.4427093267440795898 -1.45986175537109375 -1.4729770421981811523 -1.4815963506698608398 -1.4852203130722045898 -1.4833476543426513672 -1.4757326841354370117
-1.0392013788223266602 -1.038554072380065918 -1.0374817848205566406 -1.0360428094863891602 -1.0343184471130371094 -1.032414555549621582 -1.0304634571075439453 -1.0286242961883544922 -1.0270841121673583984 -1.0260568857192993164 -1.0257828235626220703 -1.0265249013900756836 -1.028564453125 -1.0321930646896362305 -1.037701725959777832 -1.0453665256500244141 -1.0554314851760864258 -1.0680892467498779297 -1.0834624767303466797 -1.1015866994857788086 -1.1223992109298706055 -1.1457325220108032227 -1.1713166236877441406 -1.1987862586975097656 -1.2276935577392578125 -1.2575262784957885742 -1.2877254486083984375 -1.3177069425582885742 -1.3468827009201049805 -1.3746807575225830078 -1.4005591869354248047 -1.4240050315856933594 -1.4445089101791381836 -1.4615052938461303711 -1.4742834568023681641 -1.4819116592407226563 -1.4832742214202880859 -1.4773955345153808594
-1.0402789115905761719 -1.0388969182968139648 -1.0369321107864379883 -1.034436345100402832 -1.0314879417419433594 -1.028193354606628418 -1.0246903896331787109 -1.0211483240127563477 -1.0177698135375976563 -1.0147908926010131836 -1.0124801397323608398 -1.0111362934112548828 -1.0110833644866943359 -1.0126621723175048828 -1.016217350959777832 -1.0220794677734375 -1.030544281005859375 -1.0418478250503540039 -1.0561424493789672852 -1.0734779834747314453 -1.0937882661819458008 -1.1168897151947021484 -1.1424884796142578125 -1.1701974868774414063 -1.1995584964752197266 -1.2300680875778198242 -1.2612016201019287109 -1.2924360036849975586 -1.323266148567199707 -1.3532146215438842773 -1.381827235221862793 -1.4086478948593139648 -1.4331636428833007813 -1.4547116756439208984 -1.472361445426940918 -1.4848116636276245117 -1.490414738655090332 -1.487521052360534668
-1.0424149036407470703 -1.0402890443801879883 -1.0373976230621337891 -1.0337828397750854492 -1.0295176506042480469 -1.0247083902359008789 -1.0194970369338989258 -1.0140634775161743164 -1.0086278915405273438 -1.0034507513046264648 -0.99883383512496948242 -0.99511873722076416016 -0.99268168210983276367 -0.99192506074905395508 -0.99326217174530029297 -0.99709558486938476563 -1.0037895441055297852 -1.0136377811431884766 -1.0268330574035644531 -1.0434422492980957031 -1.0633929967880249023 -1.0864754915237426758 -1.112359166145324707 -1.140621185302734375 -1.1707811355590820313 -1.2023355960845947266 -1.234789729118347168 -1.2676787376403808594 -1.300580143928527832 -1.3331122398376464844 -1.3649139404296875 -1.3956001996994018555 -1.4246857166290283203 -1.4514712095260620117 -1.47490692138671875 -1.493473052978515625 -1.5051836967468261719 -1.5079108476638793945
-1.0458201169967651367 -1.0429553985595703125 -1.0391126871109008789 -1.0343216657638549805 -1.0286469459533691406 -1.0221921205520629883 -1.0151027441024780273 -1.0075697898864746094 -0.99983143806457519531 -0.99217611551284790039 -0.98494392633438110352 -0.97852635383605957031 -0.97336328029632568359 -0.9699338078498840332 -0.96873891353607177734 -0.97027456760406494141 -0.97499549388885498047 -0.98327207565307617188 -0.99534887075424194336 -1.011311650276184082 -1.0310726165771484375 -1.0543781518936157227 -1.0808378458023071289 -1.1099698543548583984 -1.1412508487701416016 -1.1741635799407958984 -1.2082344293594360352 -1.2430552244186401367 -1.2782906293869018555 -1.3136658668518066406 -1.3489358425140380859 -1.3838268518447875977 -1.417948603630065918 -1.4506738185882568359 -1.4809974431991577148 -1.5074154138565063477 -1.5279142856597900391 -1.540249943733215332
-1.0507371425628662109 -1.0471570491790771484 -1.0423531532287597656 -1.0363371372222900391 -1.0291616916656494141 -1.0209252834320068359 -1.0117757320404052734 -1.0019142627716064453 -0.99159920215606689453 -0.98114919662475585938 -0.97094768285751342773 -0.96144473552703857422 -0.95315635204315185547 -0.94665622711181640625 -0.94255650043487548828 -0.94147443771362304688 -0.94398361444473266602 -0.95055550336837768555 -0.96150034666061401367 -0.97692239284515380859 -0.99670237302780151367 -1.0205138921737670898 -1.0478715896606445313 -1.0781993865966796875 -1.1109026670455932617 -1.1454311609268188477 -1.1813226938247680664 -1.2182260751724243164 -1.2559019327163696289 -1.2942034006118774414 -1.3330368995666503906 -1.3722985982894897461 -1.4117863178253173828 -1.4510848522186279297 -1.4894387722015380859 -1.5256475210189819336 -1.558056950569152832 -1.5847781896591186523
