geoid/ascii _raster_file/corgeo.asc
ncols        97
nrows        172
xllcorner    42.076732000000
yllcorner    -27.368700000000
dx           0.099190995000
dy           0.099447302000
[rows 34 to 50 of 172, columns 38 to 75 of 97]
-1.0574449300765991211 -1.0531984567642211914 -1.0474427938461303711 -1.0401662588119506836 -1.0314048528671264648 -1.0212479829788208008 -1.0098444223403930664 -0.99740540981292724609 -0.98421013355255126953 -0.97061079740524291992 -0.95703917741775512695 -0.94401258230209350586 -0.93213701248168945313 -0.92210167646408081055 -0.91465878486633300781 -0.91058194637298583984 -0.9106013178825378418 -0.91532099246978759766 -0.92513459920883178711 -0.94016110897064208984 -0.96022367477416992188 -0.98487997055053710938 -1.013499140739440918 -1.0453639030456542969 -1.0797715187072753906 -1.1161154508590698242 -1.1539361476898193359 -1.1929413080215454102 -1.2330009937286376953 -1.2741212844848632813 -1.3164018392562866211 -1.3599743843078613281 -1.4049247503280639648 -1.4511977434158325195 -1.4984979629516601563 -1.546216130256652832 -1.5934324264526367188 -1.6390626430511474609
-1.0662626028060913086 -1.0614320039749145508 -1.0547622442245483398 -1.0462096929550170898 -1.0357875823974609375 -1.0235730409622192383 -1.0097126960754394531 -0.99442845582962036133 -0.97802197933197021484 -0.96088212728500366211 -0.94349437952041625977 -0.92645204067230224609 -0.9104658961296081543 -0.89636415243148803711 -0.88507330417633056641 -0.87756758928298950195 -0.8747819066047668457 -0.87749463319778442383 -0.88620418310165405273 -0.90103626251220703125 -0.92171680927276611328 -0.94762587547302246094 -0.9779186248779296875 -1.0116759538650512695 -1.0480444431304931641 -1.0863375663757324219 -1.1260913610458374023 -1.1670775413513183594 -1.2092899084091186523 -1.2529114484786987305 -1.2982726097106933594 -1.3457993268966674805 -1.3959528207778930664 -1.4491640329360961914 -1.5057715177536010742 -1.5659832954406738281 -1.6298844814300537109 -1.6974759101867675781
-1.0775532722473144531 -1.0722657442092895508 -1.0647571086883544922 -1.0549421310424804688 -1.0428030490875244141 -1.0283998250961303711 -1.0118758678436279297 -0.99346446990966796875 -0.9734929203987121582 -0.9523913264274597168 -0.9307047724723815918 -0.90911155939102172852 -0.88844186067581176758 -0.86968827247619628906 -0.85399043560028076172 -0.84257638454437255859 -0.83664602041244506836 -0.83720457553863525391 -0.84488099813461303711 -0.85979181528091430664 -0.88150835037231445313 -0.90914887189865112305 -0.94156658649444580078 -0.977569580078125 -1.0161087512969970703 -1.0563987493515014648 -1.0979684591293334961 -1.1406619548797607422 -1.1846089363098144531 -1.2301862239837646484 -1.2779786586761474609 -1.328741908073425293 -1.3833670616149902344 -1.4428501129150390625 -1.5082658529281616211 -1.5807569026947021484 -1.6615154743194580078 -1.7516607046127319336
-1.0917259454727172852 -1.0861670970916748047 -1.0779461860656738281 -1.0669226646423339844 -1.0530383586883544922 -1.0363302230834960938 -1.0169379711151123047 -0.99510991573333740234 -0.97120553255081176758 -0.94570362567901611328 -0.91921746730804443359 -0.89251983165740966797 -0.86657506227493286133 -0.84256452322006225586 -0.82188248634338378906 -0.80607002973556518555 -0.79666268825531005859 -0.79495418071746826172 -0.80173087120056152344 -0.81707322597503662109 -0.8403180241584777832 -0.87021303176879882813 -0.90520572662353515625 -0.94375705718994140625 -0.98458462953567504883 -1.0267950296401977539 -1.0699174404144287109 -1.1138782501220703125 -1.1589500904083251953 -1.2057062387466430664 -1.2549854516983032227 -1.3078744411468505859 -1.3657010793685913086 -1.4300380945205688477 -1.5027079582214355469 -1.5857759714126586914 -1.6814670562744140625 -1.791819453239440918
-1.109233856201171875 -1.1036655902862548828 -1.0949270725250244141 -1.0828047990798950195 -1.0671870708465576172 -1.0480818748474121094 -1.0256272554397583008 -1.000094294548034668 -0.97188812494277954102 -0.94155079126358032227 -0.90977752208709716797 -0.87744843959808349609 -0.84567606449127197266 -0.81585282087326049805 -0.78966546058654785156 -0.76902657747268676758 -0.75587892532348632813 -0.75186747312545776367 -0.75795662403106689453 -0.77414602041244506836 -0.79943490028381347656 -0.83207410573959350586 -0.86999845504760742188 -0.91125959157943725586 -0.9543240666389465332 -0.99820035696029663086 -1.0424356460571289063 -1.087048649787902832 -1.1324533224105834961 -1.1794004440307617188 -1.2289526462554931641 -1.2824867963790893555 -1.3417186737060546875 -1.4087374210357666016 -1.4860311746597290039 -1.5764596462249755859 -1.683066248893737793 -1.8084626197814941406
-1.1305668354034423828 -1.1253486871719360352 -1.1163767576217651367 -1.1033397912979125977 -1.086055755615234375 -1.0644969940185546875 -1.0388048887252807617 -1.0092904567718505859 -0.97642791271209716797 -0.94085043668746948242 -0.9033603668212890625 -0.86496579647064208984 -0.82694345712661743164 -0.79091370105743408203 -0.75888168811798095703 -0.73317372798919677734 -0.71619343757629394531 -0.70997917652130126953 -0.71567124128341674805 -0.73312163352966308594 -0.76087456941604614258 -0.79656207561492919922 -0.83752417564392089844 -0.88137787580490112305 -0.92635589838027954102 -0.97140175104141235352 -1.0161062479019165039 -1.0605874061584472656 -1.1053806543350219727 -1.1513733863830566406 -1.1997878551483154297 -1.252207636833190918 -1.3106334209442138672 -1.3775463104248046875 -1.4559425115585327148 -1.5492681264877319336 -1.661098480224609375 -1.7942488193511962891
-1.1562328338623046875 -1.1518473625183105469 -1.1430402994155883789 -1.1293698549270629883 -1.1105595827102661133 -1.0865383148193359375 -1.0574610233306884766 -1.0237071514129638672 -0.98586267232894897461 -0.94469964504241943359 -0.90117341279983520508 -0.85645526647567749023 -0.81200873851776123047 -0.76969158649444580078 -0.73183053731918334961 -0.70116746425628662109 -0.68056714534759521484 -0.67244702577590942383 -0.678073883056640625 -0.69706243276596069336 -0.72739887237548828125 -0.76602399349212646484 -0.80967050790786743164 -0.85555988550186157227 -0.90175241231918334961 -0.94717890024185180664 -0.99149954319000244141 -1.0349236726760864258 -1.0780698060989379883 -1.1218932867050170898 -1.1676814556121826172 -1.2171049118041992188 -1.2723042964935302734 -1.3359823226928710938 -1.4114446640014648438 -1.5024896860122680664 -1.6129523515701293945 -1.7455743551254272461
-1.1867227554321289063 -1.1838029623031616211 -1.1757024526596069336 -1.1618021726608276367 -1.1416974067687988281 -1.1152619123458862305 -1.0826817750930786133 -1.0444506406784057617 -1.0013338327407836914 -0.95432043075561523438 -0.90459400415420532227 -0.85354846715927124023 -0.80286717414855957031 -0.75464689731597900391 -0.7115020751953125 -0.67652279138565063477 -0.65293878316879272461 -0.6434294581413269043 -0.6492665410041809082 -0.66973054409027099609 -0.70221233367919921875 -0.74300229549407958984 -0.78832769393920898438 -0.83513605594635009766 -0.88141483068466186523 -0.92613875865936279297 -0.96904730796813964844 -1.0104118585586547852 -1.0508718490600585938 -1.0913608074188232422 -1.1331137418746948242 -1.1777440309524536133 -1.2273638248443603516 -1.2847089767456054688 -1.3531961441040039063 -1.4367760419845581055 -1.5393675565719604492 -1.6635484695434570313
-1.2224487066268920898 -1.2218041419982910156 -1.2151236534118652344 -1.2015453577041625977 -1.1804866790771484375 -1.1517487764358520508 -1.115572810173034668 -1.0726343393325805664 -1.0239789485931396484 -0.97092974185943603516 -0.91500961780548095703 -0.85792189836502075195 -0.80161452293395996094 -0.74841088056564331055 -0.70113009214401245117 -0.66305071115493774414 -0.63754248619079589844 -0.62730097770690917969 -0.63340896368026733398 -0.65474420785903930664 -0.68818783760070800781 -0.72958099842071533203 -0.77487915754318237305 -0.82094752788543701172 -0.86581534147262573242 -0.90854054689407348633 -0.94892513751983642578 -0.98724907636642456055 -1.0240938663482666016 -1.0602693557739257813 -1.096833348274230957 -1.1351914405822753906 -1.1772551536560058594 -1.2256138324737548828 -1.2836320400238037109 -1.3553006649017333984 -1.4445976018905639648 -1.5540690422058105469
-1.263645172119140625 -1.2662789821624755859 -1.2619259357452392578 -1.2493896484375 -1.2278379201889038086 -1.1969690322875976563 -1.1571104526519775391 -1.1092128753662109375 -1.0547424554824829102 -0.99551522731781005859 -0.93353927135467529297 -0.87093341350555419922 -0.80995422601699829102 -0.75311243534088134766 -0.70329105854034423828 -0.66370552778244018555 -0.63752967119216918945 -0.62713617086410522461 -0.63320136070251464844 -0.65420460700988769531 -0.68674349784851074219 -0.72655111551284790039 -0.76963227987289428711 -0.81298631429672241211 -0.85478293895721435547 -0.89417338371276855469 -0.93098127841949462891 -0.96542847156524658203 -0.99795854091644287109 -1.0291639566421508789 -1.0598127841949462891 -1.0909653902053833008 -1.1241757869720458984 -1.1617337465286254883 -1.2068436145782470703 -1.2635283470153808594 -1.3359597921371459961 -1.4269598722457885742
-1.310221552848815918 -1.3173234462738037109 -1.3164002895355224609 -1.3057981729507446289 -1.2843302488327026367 -1.251544952392578125 -1.2078919410705566406 -1.1547183990478515625 -1.0940928459167480469 -1.0285199880599975586 -0.96066063642501831055 -0.89315110445022583008 -0.82857269048690795898 -0.76953995227813720703 -0.71880537271499633789 -0.67922127246856689453 -0.65340393781661987305 -0.64308065176010131836 -0.64836883544921875 -0.66744560003280639648 -0.6969292759895324707 -0.73282009363174438477 -0.77148234844207763672 -0.8102315068244934082 -0.84744173288345336914 -0.88234627246856689453 -0.91474378108978271484 -0.94474214315414428711 -0.97258943319320678711 -0.99859970808029174805 -1.023174285888671875 -1.0469279289245605469 -1.0709309577941894531 -1.0970484018325805664 -1.1282596588134765625 -1.1686847209930419922 -1.2229223251342773438 -1.2944321632385253906
-1.3615573644638061523 -1.3744523525238037109 -1.3782165050506591797 -1.370579838752746582 -1.3498591184616088867 -1.3153821229934692383 -1.267760157585144043 -1.2088887691497802734 -1.1416572332382202148 -1.0694801807403564453 -0.99583029747009277344 -0.9239266514778137207 -0.85663646459579467773 -0.79654210805892944336 -0.74604839086532592773 -0.70737504959106445313 -0.68231451511383056641 -0.67176741361618041992 -0.67527049779891967773 -0.69085329771041870117 -0.71542209386825561523 -0.74551951885223388672 -0.77807205915451049805 -0.81081742048263549805 -0.84236305952072143555 -0.87201088666915893555 -0.89950841665267944336 -0.92482733726501464844 -0.94800859689712524414 -0.96908158063888549805 -0.98806780576705932617 -1.0050958395004272461 -1.0206727981567382813 -1.0361330509185791016 -1.0541591644287109375 -1.0790170431137084961 -1.1159330606460571289 -1.1692590713500976563
-1.4162564277648925781 -1.4362758398056030273 -1.4460264444351196289 -1.4424321651458740234 -1.4231375455856323242 -1.3871575593948364258 -1.3353110551834106445 -1.2702196836471557617 -1.1958382129669189453 -1.1167078018188476563 -1.037232518196105957 -0.96121293306350708008 -0.89169871807098388672 -0.83107233047485351563 -0.78120332956314086914 -0.74351716041564941406 -0.7188917994499206543 -0.70740884542465209961 -0.7081241607666015625 -0.71906888484954833984 -0.73758155107498168945 -0.7608521580696105957 -0.78642731904983520508 -0.81248933076858520508 -0.83788210153579711914 -0.86197483539581298828 -0.88447010517120361328 -0.9052264094352722168 -0.92412137985229492188 -0.94096326828002929688 -0.95546418428421020508 -0.96731662750244140625 -0.97645491361618041992 -0.98358702659606933594 -0.99094569683074951172 -1.0028264522552490234 -1.0250668525695800781 -1.0629200935363769531
-1.4718993902206420898 -1.500153660774230957 -1.5170142650604248047 -1.5184053182601928711 -1.5011105537414550781 -1.4637371301651000977 -1.4073683023452758789 -1.335545659065246582 -1.2535264492034912109 -1.1671483516693115234 -1.0817891359329223633 -1.0017511844635009766 -0.93011742830276489258 -0.8689143061637878418 -0.81936764717102050781 -0.78208696842193603516 -0.7571112513542175293 -0.74385017156600952148 -0.74103343486785888672 -0.746791839599609375 -0.75891232490539550781 -0.77518987655639648438 -0.79373431205749511719 -0.81313073635101318359 -0.83244365453720092773 -0.85111850500106811523 -0.8688456416130065918 -0.88542830944061279297 -0.90067088603973388672 -0.91428846120834350586 -0.92584538459777832031 -0.93476355075836181641 -0.94050335884094238281 -0.94307881593704223633 -0.94397556781768798828 -0.94706183671951293945 -0.95835125446319580078 -0.98370528221130371094
-1.5249030590057373047 -1.5619505643844604492 -1.5865446329116821289 -1.5934604406356811523 -1.5784759521484375 -1.5397293567657470703 -1.4786440134048461914 -1.3998552560806274414 -1.3100876808166503906 -1.2165360450744628906 -1.1254826784133911133 -1.041582942008972168 -0.96779674291610717773 -0.9056937098503112793 -0.85584759712219238281 -0.81814622879028320313 -0.79196470975875854492 -0.77623897790908813477 -0.76951986551284790039 -0.77007985115051269531 -0.776092529296875 -0.78584057092666625977 -0.79788249731063842773 -0.811130523681640625 -0.82483983039855957031 -0.8385403752326965332 -0.85194814205169677734 -0.864879608154296875 -0.87717324495315551758 -0.88861221075057983398 -0.89884072542190551758 -0.90728920698165893555 -0.91319119930267333984 -0.91589379310607910156 -0.91571462154388427734 -0.91519403457641601563 -0.91952645778656005859 -0.9346497654914855957
-1.5706355571746826172 -1.6161088943481445313 -1.6481839418411254883 -1.6604592800140380859 -1.647684931755065918 -1.6075598001480102539 -1.5419327020645141602 -1.4566152095794677734 -1.3597974777221679688 -1.2599087953567504883 -1.1639397144317626953 -1.0767067670822143555 -1.0009263753890991211 -0.93769115209579467773 -0.88700532913208007813 -0.84819883108139038086 -0.82018762826919555664 -0.80162179470062255859 -0.79098606109619140625 -0.78670203685760498047 -0.78724503517150878906 -0.7912566065788269043 -0.79762226343154907227 -0.80549752712249755859 -0.81428819894790649414 -0.82360470294952392578 -0.83321213722229003906 -0.84298801422119140625 -0.85288727283477783203 -0.86289930343627929688 -0.87297213077545166016 -0.88287276029586791992 -0.89198899269104003906 -0.89921677112579345703 -0.903347015380859375 -0.90440869331359863281 -0.90530878305435180664 -0.91144204139709472656
-1.6039397716522216797 -1.6562720537185668945 -1.6944235563278198242 -1.7109857797622680664 -1.6998648643493652344 -1.6584775447845458984 -1.5891580581665039063 -1.4987939596176147461 -1.3967764377593994141 -1.2924256324768066406 -1.1931310892105102539 -1.1036783456802368164 -1.0264848470687866211 -0.96223121881484985352 -0.91049957275390625 -0.87025380134582519531 -0.84014523029327392578 -0.81869298219680786133 -0.80439674854278564453 -0.79582178592681884766 -0.7916710972785949707 -0.79083818197250366211 -0.79243302345275878906 -0.79577821493148803711 -0.80038470029830932617 -0.80592238903045654297 -0.81219941377639770508 -0.81915861368179321289 -0.82688879966735839844 -0.83563381433486938477 -0.84576052427291870117 -0.85760617256164550781 -0.87109655141830444336 -0.88509607315063476563 -0.89690667390823364258 -0.90319401025772094727 -0.90319448709487915039 -0.90122777223587036133
