geoid/ascii _raster_file/srtm11km.asc
ncols        225
nrows        339
xllcorner    41.659583333000
yllcorner    -26.971250000000
dx           0.049999999982
dy           0.049931170088
[rows 224 to 279 of 339, columns 0 to 95 of 225]
0 0 0 0 0 0 0 0 0 0 0 0 0 0 0 0 0 0 0 0 0 0 0 0 0 0 0 0 0 0 0 0 0 0 0 0 0 0 0 0 0 0 0 0 28 29 42 69 117 144 150 145 147 160 209 274 260 278 327 396 399 387 363 392 412 415 355 408 366 426 521 545 486 494 463 456 425 364 326 298 453 492 340 353 671 625 665 729 932 687 625 665 659 701 681 763
0 0 0 0 0 0 0 0 0 0 0 0 0 0 0 0 0 0 0 0 0 0 0 0 0 0 0 0 0 0 0 0 0 0 0 0 0 0 0 0 10 5 3 6 20 40 53 69 129 100 116 139 157 171 207 228 261 278 322 351 368 417 392 404 393 383 379 452 389 456 558 542 460 545 396 466 342 321 309 273 514 648 402 522 773 710 904 602 629 607 628 655 751 680 763 693
0 0 0 0 0 0 0 0 0 0 0 0 0 0 0 0 0 0 0 0 0 0 0 0 0 0 0 0 0 0 0 0 0 0 0 0 0 0 0 8 5 7 5 3 15 35 58 94 131 107 149 148 204 191 208 256 281 317 356 414 410 385 342 394 366 327 381 365 401 440 623 525 403 378 372 339 342 342 248 241 431 686 677 724 771 651 593 632 704 636 666 679 753 689 745 747
0 0 0 0 0 0 0 0 0 0 0 0 0 0 0 0 0 0 0 0 0 0 0 0 0 0 0 0 0 0 0 0 0 0 0 0 0 0 7 5 10 7 9 6 12 40 76 103 165 156 131 223 190 230 218 258 284 309 364 381 371 325 330 351 339 313 337 340 376 463 593 492 444 383 323 330 277 290 216 413 557 650 879 794 767 569 572 643 663 662 685 692 776 797 1206 865
0 0 0 0 0 0 0 0 0 0 0 0 0 0 0 0 0 0 0 0 0 0 0 0 0 0 0 0 0 0 0 0 0 0 0 0 0 0 0 9 4 12 12 13 19 51 80 125 157 170 182 236 202 243 230 270 308 403 440 379 340 314 281 340 404 308 309 383 397 495 542 394 385 366 329 289 243 234 237 236 652 597 602 565 690 587 565 626 738 746 718 814 777 880 836 943
0 0 0 0 0 0 0 0 0 0 0 0 0 0 0 0 0 0 0 0 0 0 0 0 0 0 0 0 0 0 0 0 0 0 0 0 0 0 -3 9 11 9 14 15 28 56 109 157 172 177 211 326 300 247 232 286 354 368 335 395 287 302 279 378 368 309 285 320 338 564 650 482 295 289 318 283 228 196 353 604 661 823 715 598 752 745 662 620 779 727 750 942 913 891 930 807
0 0 0 0 0 0 0 0 0 0 0 0 0 0 0 0 0 0 0 0 0 0 0 0 0 0 0 0 0 0 0 0 0 0 0 0 0 0 4 5 12 20 20 16 21 63 112 139 157 148 259 190 193 195 242 329 350 393 314 284 264 311 224 334 400 327 242 299 316 610 389 321 252 261 264 254 239 197 366 617 646 791 801 799 942 1052 755 677 847 738 866 823 831 936 899 866
0 0 0 0 0 0 0 0 0 0 0 0 0 0 0 0 0 0 0 0 0 0 0 0 0 0 0 0 0 0 0 0 0 0 0 0 0 0 0 14 13 18 18 21 23 78 84 120 122 157 259 164 164 212 217 264 297 332 302 299 222 250 229 244 285 320 252 241 380 278 280 270 224 236 228 195 181 300 302 486 847 692 715 706 849 870 698 649 762 770 750 797 789 805 794 1074
0 0 0 0 0 0 0 0 0 0 0 0 0 0 0 0 0 0 0 0 0 0 0 0 0 0 0 0 0 0 0 0 0 0 0 0 0 14 9 11 22 23 26 24 25 32 49 90 103 205 234 142 188 269 292 324 304 335 246 277 227 213 215 205 247 242 348 163 289 186 202 176 193 222 186 177 211 245 790 571 679 515 589 676 659 789 634 630 670 757 696 760 779 767 810 902
0 0 0 0 0 0 0 0 0 0 0 0 0 0 0 0 0 0 0 0 0 0 0 0 0 0 0 0 0 0 0 0 0 0 0 0 0 15 16 9 23 48 47 28 30 37 52 89 95 216 118 108 219 331 377 386 329 234 290 213 180 155 194 183 170 191 185 143 257 161 178 166 161 163 221 286 240 203 503 880 691 651 576 550 701 714 744 587 695 668 667 705 703 754 759 753
0 0 0 0 0 0 0 0 0 0 0 0 0 0 0 0 0 0 0 0 0 0 0 0 0 0 0 0 0 0 0 0 0 0 0 0 12 26 25 18 32 49 76 30 47 35 42 54 107 243 106 91 254 302 330 321 349 168 261 206 121 145 131 124 166 158 249 257 258 287 255 183 225 228 251 305 266 235 343 655 845 665 648 600 583 590 701 664 625 642 658 660 695 718 744 764
0 0 0 0 0 0 0 0 0 0 0 0 0 0 0 0 0 0 0 0 0 0 0 0 0 0 0 0 0 0 0 0 0 0 0 11 24 43 27 33 40 54 49 65 75 79 45 67 133 102 71 72 82 237 182 140 241 123 149 116 171 203 218 227 230 231 290 263 225 278 235 217 251 263 293 287 328 303 298 667 821 706 740 655 608 716 655 583 654 696 707 699 732 702 716 714
0 0 0 0 0 0 0 0 0 0 0 0 0 0 0 0 0 0 0 0 0 0 0 0 0 0 0 0 0 0 0 0 0 0 0 8 23 56 36 44 49 70 69 79 81 90 48 52 139 96 71 94 244 174 211 127 206 181 206 367 214 262 322 292 308 273 352 294 256 312 234 229 269 317 341 359 365 263 296 685 791 871 826 717 624 742 626 650 644 658 738 751 718 736 750 724
0 0 0 0 0 0 0 0 0 0 0 0 0 0 0 0 0 0 0 0 0 0 0 0 0 0 0 0 0 0 0 0 0 0 5 0 47 33 40 52 61 64 50 52 60 85 86 52 57 60 84 98 214 342 353 208 272 189 182 279 268 331 427 364 373 337 356 330 325 297 270 253 293 328 364 420 374 320 514 688 659 863 878 807 625 774 651 696 690 735 686 699 772 773 757 775
0 0 0 0 0 0 0 0 0 0 0 0 0 0 0 0 0 0 0 0 0 0 0 0 0 0 0 0 0 0 0 0 0 0 8 5 55 33 46 55 69 50 50 50 57 75 89 75 121 143 115 124 235 259 355 213 191 208 269 250 361 351 424 428 424 419 427 384 327 333 285 303 278 348 423 467 388 291 504 723 636 897 785 802 815 847 693 712 687 815 713 722 756 828 783 788
0 0 0 0 0 0 0 0 0 0 0 0 0 0 0 0 0 0 0 0 0 0 0 0 0 0 0 0 0 0 0 0 0 0 3 17 37 34 51 68 72 55 50 58 73 90 100 102 200 451 282 204 235 248 344 304 212 221 253 309 351 425 476 481 501 508 511 421 375 355 321 368 321 348 413 461 379 340 509 732 744 814 900 904 968 1041 774 747 679 707 755 762 795 895 809 759
0 0 0 0 0 0 0 0 0 0 0 0 0 0 0 0 0 0 0 0 0 0 0 0 0 0 0 0 0 0 0 0 0 0 5 12 21 24 38 66 68 55 59 67 85 108 128 142 397 594 256 181 239 384 349 302 265 236 270 299 343 385 444 480 541 617 509 449 414 387 328 403 350 325 412 426 452 488 558 737 921 821 870 947 973 989 803 785 735 719 749 933 1100 980 831 831
0 0 0 0 0 0 0 0 0 0 0 0 0 0 0 0 0 0 0 0 0 0 0 0 0 0 0 0 0 0 0 0 0 0 8 12 21 27 50 76 79 66 72 74 100 125 150 188 398 670 262 186 269 446 366 410 306 262 282 322 367 418 473 520 584 637 512 473 439 404 375 404 397 353 397 419 542 435 524 654 839 906 883 892 973 1059 1048 929 748 704 713 737 847 999 890 971
0 0 0 0 0 0 0 0 0 0 0 0 0 0 0 0 0 0 0 0 0 0 0 0 0 0 0 0 0 0 0 0 0 0 8 25 18 32 61 82 90 79 84 88 108 139 176 249 418 643 540 281 311 350 415 345 339 322 311 344 398 439 501 568 613 695 548 512 479 423 390 454 448 384 435 537 496 531 549 609 820 990 897 954 905 1020 1118 893 740 749 701 729 950 843 825 781
0 0 0 0 0 0 0 0 0 0 0 0 0 0 0 0 0 0 0 0 0 0 0 0 0 0 0 0 0 0 0 0 0 7 0 21 54 34 71 82 106 101 105 106 126 172 243 352 558 387 350 351 501 353 397 381 410 320 329 369 417 488 557 638 725 673 524 481 474 409 434 476 487 463 418 974 543 596 675 676 817 1004 1075 954 977 1107 1118 928 810 765 722 717 963 841 769 831
0 0 0 0 0 0 0 0 0 0 0 0 0 0 0 0 0 0 0 0 0 0 0 0 0 0 0 0 0 0 0 0 0 12 9 25 29 41 80 87 121 132 127 139 180 210 307 303 677 683 421 363 497 599 433 474 425 345 356 403 461 517 609 675 730 641 564 513 457 460 486 492 518 447 490 935 609 640 739 867 883 1035 1104 1065 1153 1044 1155 1083 918 769 719 707 840 762 751 712
0 0 0 0 0 0 0 0 0 0 0 0 0 0 0 0 0 0 0 0 0 0 0 0 0 0 0 0 0 0 0 0 0 9 12 29 31 53 70 101 146 175 151 164 208 247 344 613 535 535 434 598 457 642 482 507 479 387 384 433 486 545 610 682 750 646 566 519 545 538 544 523 564 481 627 771 642 681 776 805 996 1063 1077 1061 1072 1066 1072 1110 1071 764 713 719 723 733 753 740
0 0 0 0 0 0 0 0 0 0 0 0 0 0 0 0 0 0 0 0 0 0 0 0 0 0 0 0 0 0 0 0 0 0 13 40 31 52 88 120 155 187 171 192 231 288 543 677 768 574 565 706 556 613 593 578 474 408 414 442 478 590 659 723 701 611 573 619 666 649 643 564 599 661 631 832 753 754 830 828 986 1054 1046 1028 1047 1066 1053 1069 1110 907 717 1063 699 681 687 693
0 0 0 0 0 0 0 0 0 0 0 0 0 0 0 0 0 0 0 0 0 0 0 0 0 0 0 0 0 0 0 0 0 0 8 35 41 72 106 138 164 174 205 222 249 374 547 614 736 818 755 461 696 613 662 536 567 455 502 769 479 565 650 760 661 665 692 710 749 796 643 602 578 905 788 1009 769 756 827 919 952 976 999 974 1001 999 1019 1086 1054 1099 768 731 719 713 663 645
0 0 0 0 0 0 0 0 0 0 0 0 0 0 0 0 0 0 0 0 0 0 0 0 0 0 0 0 0 0 0 0 0 0 9 22 47 60 104 132 175 200 208 226 284 430 609 577 664 764 615 739 675 921 758 604 530 684 693 885 543 612 671 719 686 801 789 800 820 911 650 609 653 889 779 1051 751 770 861 907 968 937 978 940 963 1008 1019 1065 1127 1108 871 708 750 705 742 706
0 0 0 0 0 0 0 0 0 0 0 0 0 0 0 0 0 0 0 0 0 0 0 0 0 0 0 0 0 0 0 0 0 0 0 41 74 64 107 126 180 194 204 244 315 408 541 750 746 665 653 785 826 858 787 718 656 782 677 566 585 658 703 679 685 781 835 678 735 830 699 629 756 1016 894 1238 761 869 828 900 921 921 960 966 961 1005 1012 1043 1086 1133 1083 805 1058 734 679 725
0 0 0 0 0 0 0 0 0 0 0 0 0 0 0 0 0 0 0 0 0 0 0 0 0 0 0 0 0 0 0 0 0 0 0 32 85 90 109 138 188 165 193 231 335 453 609 705 838 770 802 912 904 709 654 626 649 599 512 500 576 599 630 648 664 783 691 665 747 721 806 664 922 1057 1025 883 849 819 774 890 913 955 975 984 986 991 1003 1003 1033 1030 1134 1052 713 754 740 731
0 0 0 0 0 0 0 0 0 0 0 0 0 0 0 0 0 0 0 0 0 0 0 0 0 0 0 0 0 0 0 0 0 0 0 15 96 106 144 141 182 149 170 223 348 453 603 814 848 601 1038 819 1077 667 573 519 548 510 479 507 528 564 602 640 638 764 667 871 755 728 770 735 900 963 933 915 856 798 807 923 945 961 963 964 956 988 1005 994 1063 1092 1058 1151 777 832 754 708
0 0 0 0 0 0 0 0 0 0 0 0 0 0 0 0 0 0 0 0 0 0 0 0 0 0 0 0 0 0 0 0 0 0 0 11 84 110 105 143 152 132 143 201 312 469 619 575 528 879 666 864 1095 1004 603 523 480 485 432 486 520 585 551 577 549 635 649 835 775 809 860 782 871 857 872 774 742 745 830 922 927 930 909 942 951 952 919 971 1032 1121 1028 1162 1196 731 902 708
0 0 0 0 0 0 0 0 0 0 0 0 0 0 0 0 0 0 0 0 0 0 0 0 0 0 0 0 0 0 0 0 0 0 0 0 34 129 123 110 123 111 125 257 390 511 502 895 858 834 616 1026 816 758 535 640 435 473 448 494 543 574 495 579 652 773 703 693 742 948 857 805 852 761 793 771 768 724 787 864 891 896 898 877 881 930 920 966 962 989 995 997 1070 822 1001 1054
0 0 0 0 0 0 0 0 0 0 0 0 0 0 0 0 0 0 0 0 0 0 0 0 0 0 0 0 0 0 0 0 0 0 0 0 14 97 111 99 82 92 117 288 413 480 785 805 773 671 813 796 843 580 636 617 414 396 447 469 511 505 535 710 602 772 824 776 882 1078 940 908 1072 858 782 687 700 721 817 842 832 835 860 890 937 937 976 989 1011 973 970 1027 1072 821 1008 1311
0 0 0 0 0 0 0 0 0 0 0 0 0 0 0 0 0 0 0 0 0 0 0 0 0 0 0 0 0 0 0 0 0 0 0 0 10 63 112 143 72 90 127 292 355 645 675 679 667 546 771 714 689 730 432 396 402 375 407 409 460 573 643 783 670 643 765 828 1068 1071 916 963 967 802 739 674 684 728 777 763 848 881 908 914 922 943 963 1026 1057 1034 1052 1025 1341 1134 776 1074
0 0 0 0 0 0 0 0 0 0 0 0 0 0 0 0 0 0 0 0 0 0 0 0 0 0 0 0 0 0 0 0 0 0 0 0 23 26 63 114 69 92 139 337 371 496 615 662 670 686 710 645 555 632 444 340 353 351 405 535 524 617 767 851 827 717 886 1058 1115 980 821 857 929 709 754 675 671 683 785 770 838 889 858 896 912 922 925 999 1081 1114 1000 993 1236 1264 769 1083
0 0 0 0 0 0 0 0 0 0 0 0 0 0 0 0 0 0 0 0 0 0 0 0 0 0 0 0 0 0 0 0 0 0 0 0 0 5 31 51 51 132 140 227 463 478 543 588 594 650 663 365 445 308 283 302 333 373 442 482 582 628 756 792 846 701 696 1016 1103 900 790 779 719 778 805 644 584 675 799 830 857 832 849 882 862 876 912 994 1009 1170 1233 1035 1042 1458 933 1097
0 0 0 0 0 0 0 0 0 0 0 0 0 0 0 0 0 0 0 0 0 0 0 0 0 0 0 0 0 0 0 0 0 0 0 0 0 0 11 29 39 95 146 274 443 535 509 514 602 564 556 555 291 451 521 432 564 430 433 527 620 762 575 639 612 579 748 805 944 965 842 837 705 604 755 683 631 666 778 756 822 811 848 839 832 837 862 915 927 1157 1211 1022 1227 1431 953 843
0 0 0 0 0 0 0 0 0 0 0 0 0 0 0 0 0 0 0 0 0 0 0 0 0 0 0 0 0 0 0 0 0 0 0 0 0 0 6 24 18 91 121 227 365 445 486 436 480 491 474 494 333 443 448 477 425 491 488 528 598 592 551 465 546 663 863 908 1030 923 762 662 755 661 570 613 654 659 779 828 797 781 783 815 787 809 851 895 928 1135 991 1199 1048 1401 886 1167
0 0 0 0 0 0 0 0 0 0 0 0 0 0 0 0 0 0 0 0 0 0 0 0 0 0 0 0 0 0 0 0 0 0 0 0 0 0 0 0 6 59 127 205 218 372 393 441 423 427 205 428 343 420 423 530 413 459 467 511 485 477 437 491 629 760 841 889 949 837 883 928 699 697 457 500 558 655 809 785 755 758 769 781 770 775 827 887 874 946 959 1020 1085 1283 1228 1260
0 0 0 0 0 0 0 0 0 0 0 0 0 0 0 0 0 0 0 0 0 0 0 0 0 0 0 0 0 0 0 0 0 0 0 0 0 0 0 0 0 30 119 179 279 319 292 404 339 134 415 459 441 428 458 580 358 385 459 553 493 390 386 543 660 698 674 730 1013 888 753 737 709 665 499 496 524 757 778 720 706 717 710 745 746 767 831 833 931 870 974 1157 1252 1314 1270 942
0 0 0 0 0 0 0 0 0 0 0 0 0 0 0 0 0 0 0 0 0 0 0 0 0 0 0 0 0 0 0 0 0 0 0 0 0 0 0 0 0 38 82 151 243 263 283 315 298 373 413 465 439 453 518 544 309 428 459 489 397 354 469 626 666 536 627 575 549 843 727 703 623 547 545 494 591 757 776 662 666 678 694 685 714 717 783 803 838 836 1362 1082 1383 1134 1260 1278
0 0 0 0 0 0 0 0 0 0 0 0 0 0 0 0 0 0 0 0 0 0 0 0 0 0 0 0 0 0 0 0 0 0 0 0 0 0 0 0 0 30 60 84 203 159 273 263 286 345 451 438 405 422 498 371 293 390 520 537 436 319 370 565 581 502 570 536 454 534 651 674 560 510 434 463 623 693 641 645 638 648 682 727 739 798 786 788 778 839 839 858 1386 1330 1359 1295
0 0 0 0 0 0 0 0 0 0 0 0 0 0 0 0 0 0 0 0 0 0 0 0 0 0 0 0 0 0 0 0 0 0 0 0 0 0 0 0 0 20 34 50 169 129 212 265 265 365 425 400 369 405 459 259 278 341 402 390 358 324 328 462 484 443 440 382 391 801 557 454 427 542 490 397 623 662 617 607 666 675 708 731 745 822 824 849 837 824 815 848 995 1523 1370 1428
0 0 0 0 0 0 0 0 0 0 0 0 0 0 0 0 0 0 0 0 0 0 0 0 0 0 0 0 0 0 0 0 0 0 0 0 0 0 0 0 0 5 14 20 104 95 152 203 247 372 309 372 346 387 342 223 252 368 378 345 257 302 364 486 451 405 383 377 358 437 415 599 414 466 423 576 625 603 594 656 659 661 708 687 737 800 799 797 882 867 817 810 873 1079 1458 1293
0 0 0 0 0 0 0 0 0 0 0 0 0 0 0 0 0 0 0 0 0 0 0 0 0 0 0 0 0 0 0 0 0 0 0 0 0 0 0 0 0 0 7 15 107 175 182 197 280 337 316 326 353 351 290 188 242 341 316 241 240 381 410 490 427 308 471 375 469 450 386 432 424 316 418 551 598 532 603 631 610 636 694 659 717 733 743 785 846 908 856 811 892 930 1454 1551
0 0 0 0 0 0 0 0 0 0 0 0 0 0 0 0 0 0 0 0 0 0 0 0 0 0 0 0 0 0 0 0 0 0 0 0 0 0 0 0 0 0 0 4 82 147 182 171 233 231 289 308 322 324 287 165 212 317 219 195 265 372 439 524 413 337 302 359 351 306 444 276 354 383 450 488 531 527 615 580 582 638 637 631 655 722 786 787 816 907 992 810 997 968 1442 1268
0 0 0 0 0 0 0 0 0 0 0 0 0 0 0 0 0 0 0 0 0 0 0 0 0 0 0 0 0 0 0 0 0 0 0 0 0 0 0 0 0 0 0 0 90 112 19 109 194 167 212 322 323 286 161 135 193 199 167 188 289 376 543 309 372 238 282 291 268 291 204 270 309 315 477 460 487 531 536 571 583 602 637 659 721 694 760 799 865 826 979 845 813 858 901 1383
0 0 0 0 0 0 0 0 0 0 0 0 0 0 0 0 0 0 0 0 0 0 0 0 0 0 0 0 0 0 0 0 0 0 0 0 0 0 0 0 0 0 0 0 108 121 23 128 39 48 196 243 234 227 102 108 130 134 121 124 238 284 254 210 188 212 167 223 266 260 249 342 274 354 543 513 515 534 566 593 612 606 631 675 769 719 718 757 767 823 1204 856 873 1225 1263 1309
0 0 0 0 0 0 0 0 0 0 0 0 0 0 0 0 0 0 0 0 0 0 0 0 0 0 0 0 0 0 0 0 0 0 0 0 0 0 0 0 0 0 0 0 94 6 138 114 97 155 180 248 172 192 74 97 89 95 101 167 114 209 136 145 150 175 258 218 275 241 246 443 426 475 495 521 570 565 538 602 628 651 670 659 729 769 753 789 778 899 936 827 824 940 971 1236
0 0 0 0 0 0 0 0 0 0 0 0 0 0 0 0 0 0 0 0 0 0 0 0 0 0 0 0 0 0 0 0 0 0 0 0 0 0 0 0 0 0 7 95 142 108 162 118 98 145 181 232 274 181 159 180 143 166 235 217 135 123 146 182 170 230 289 325 267 263 286 461 473 491 552 553 604 573 561 580 619 645 671 677 711 749 777 767 950 848 1160 818 982 1086 981 958
0 0 0 0 0 0 0 0 0 0 0 0 0 0 0 0 0 0 0 0 0 0 0 0 0 0 0 0 0 0 0 0 0 0 0 0 0 0 0 0 0 0 5 70 125 146 159 122 147 140 192 221 233 208 136 202 180 224 320 274 178 144 262 230 244 240 344 546 353 275 350 499 490 507 602 575 619 595 580 572 597 625 642 635 670 726 809 781 838 1041 945 827 877 1035 1304 1289
0 0 0 0 0 0 0 0 0 0 0 0 0 0 0 0 0 0 0 0 0 0 0 0 0 0 0 0 0 0 0 0 0 0 0 0 0 0 0 0 0 0 8 67 95 155 174 198 178 157 178 221 238 212 173 217 231 313 326 243 164 216 237 249 280 274 379 511 368 318 301 499 469 538 572 599 644 624 593 598 604 724 617 673 728 697 751 1062 782 969 874 903 978 1026 1133 1191
0 0 0 0 0 0 0 0 0 0 0 0 0 0 0 0 0 0 0 0 0 0 0 0 0 0 0 0 0 0 0 0 0 0 0 0 0 0 0 0 0 2 8 70 101 116 141 178 171 189 177 202 238 337 302 368 272 340 289 214 187 241 282 308 288 278 375 435 364 349 408 394 479 488 527 583 618 648 630 623 647 629 629 668 711 841 751 832 1005 1033 1079 920 1042 1241 1065 1111
0 0 0 0 0 0 0 0 0 0 0 0 0 0 0 0 0 0 0 0 0 0 0 0 0 0 0 0 0 0 0 0 0 0 0 0 0 0 0 0 0 0 8 65 74 98 100 175 135 154 169 184 244 330 302 250 299 370 243 197 353 292 337 323 385 430 383 414 417 415 478 429 475 499 529 573 631 646 616 649 645 738 657 713 930 779 1027 874 1324 894 1192 869 1042 1306 1240 1075
0 0 0 0 0 0 0 0 0 0 0 0 0 0 0 0 0 0 0 0 0 0 0 0 0 0 0 0 0 0 0 0 0 0 0 0 0 0 0 0 0 0 24 60 50 86 81 135 115 144 181 189 251 302 282 334 316 326 234 242 296 325 353 346 401 445 428 450 456 471 512 451 473 487 540 585 601 585 574 604 625 687 665 711 816 1369 1048 783 994 1059 1056 1102 917 1186 917 731
0 0 0 0 0 0 0 0 0 0 0 0 0 0 0 0 0 0 0 0 0 0 0 0 0 0 0 0 0 0 0 0 0 0 0 0 0 0 0 0 0 0 11 24 49 71 93 99 124 154 175 204 265 265 283 334 311 256 263 348 335 375 387 392 426 480 488 476 478 490 517 514 519 505 532 566 548 555 568 604 627 605 682 719 749 1312 985 873 917 1083 1197 1279 1040 768 420 516
0 0 0 0 0 0 0 0 0 0 0 0 0 0 0 0 0 0 0 0 0 0 0 0 0 0 0 0 0 0 0 0 0 0 0 0 0 0 0 0 0 0 11 69 45 68 86 106 133 192 202 233 254 280 319 324 294 274 299 353 363 408 420 455 477 483 509 515 516 502 546 547 538 536 518 515 532 549 779 597 579 628 804 883 769 1450 986 1109 950 1030 1023 768 863 620 376 373
0 0 0 0 0 0 0 0 0 0 0 0 0 0 0 0 0 0 0 0 0 0 0 0 0 0 0 0 0 0 0 0 0 0 0 0 0 0 0 0 0 0 10 15 61 85 86 112 145 159 202 247 267 309 316 309 299 299 378 368 402 419 401 444 461 478 484 490 509 512 509 547 531 501 497 477 526 526 527 787 553 602 740 810 829 1175 1300 1077 1053 984 594 452 382 508 394 347
