geoid/ascii _raster_file/srtm11km.asc
ncols        225
nrows        339
xllcorner    41.659583333000
yllcorner    -26.971250000000
dx           0.049999999982
dy           0.049931170088
[rows 168 to 223 of 339, columns 96 to 191 of 225]
1175 1138 963 1059 1008 1102 1228 1202 1525 1541 1528 1134 1129 1222 1251 1342 1229 1402 1533 1443 1284 1255 992 993 1088 1071 1273 1440 1562 1310 1290 1273 1332 1283 1027 887 950 905 960 971 934 1085 1258 1071 1050 714 574 617 526 510 495 528 66 202 73 103 45 38 4 0 0 0 0 0 0 0 0 0 0 0 0 0 0 0 0 0 0 0 0 0 0 0 0 0 0 0 0 0 0 0 0 0 0 0 0 0
1131 1034 965 1019 1062 1047 1161 1358 1481 1390 1380 1156 1177 1223 1311 1391 1405 1289 1312 1337 1431 1341 1062 1144 1159 1263 1310 1388 1353 1367 1346 1313 1316 930 917 899 915 937 927 945 948 1008 1248 1059 960 811 651 537 521 374 477 586 435 62 41 79 61 5 17 0 0 0 0 0 0 0 0 0 0 0 0 0 0 0 0 0 0 0 0 0 0 0 0 0 0 0 0 0 0 0 0 0 0 0 0 0
1031 973 985 1126 1077 1094 1062 1145 1225 1289 1163 1183 1211 1216 1363 1257 1314 1344 1365 1381 1424 1192 1129 1291 1190 1250 1351 1359 1385 1396 1362 1271 1367 898 969 871 906 953 949 959 920 937 1216 1145 949 866 740 350 245 383 272 426 317 168 71 31 44 14 0 0 0 0 0 0 0 0 0 0 0 0 0 0 0 0 0 0 0 0 0 0 0 0 0 0 0 0 0 0 0 0 0 0 0 0 0 0
1135 1091 1033 1020 1181 1174 1124 1241 1253 1202 1299 1178 1150 1134 1297 1245 1321 1329 1286 1417 1406 1392 1318 1443 1253 1292 1324 1367 1458 1362 1330 1275 1335 907 913 891 909 926 921 1068 981 999 953 1034 885 773 481 274 408 277 126 354 217 154 81 92 18 4 0 0 0 0 0 0 0 0 0 0 0 0 0 0 0 0 0 0 0 0 0 0 0 0 0 0 0 0 0 0 0 0 0 0 0 0 0 0
1031 1139 1059 1089 1194 1212 1134 1418 1215 1229 1192 1176 1165 1160 1154 1270 1295 1283 1251 1378 1493 1250 1238 1347 1251 1405 1354 1452 1391 1397 1315 1280 1211 893 918 915 913 929 960 995 1028 914 959 920 1006 712 541 376 598 67 78 40 19 53 42 79 12 0 0 0 0 0 0 0 0 0 0 0 0 0 0 0 0 0 0 0 0 0 0 0 0 0 0 0 0 0 0 0 0 0 0 0 0 0 0 0
1023 1038 1053 1010 1205 1050 1032 1197 1223 1410 1559 1240 1272 1195 1147 1206 1291 1277 1358 1332 1368 1310 1287 1337 1468 1502 1413 1492 1388 1384 1355 1187 900 868 904 918 906 904 976 1010 1058 1083 910 910 689 602 543 440 372 164 208 69 12 25 11 29 5 0 0 0 0 0 0 0 0 0 0 0 0 0 0 0 0 0 0 0 0 0 0 0 0 0 0 0 0 0 0 0 0 0 0 0 0 0 0 0
981 971 1002 1019 1020 1024 1077 1274 1355 1301 1365 1287 1276 1186 1293 1199 1226 1270 1260 1269 1355 1291 1270 1316 1403 1415 1448 1489 1462 1457 1382 962 993 903 883 909 901 905 933 1002 1008 968 1047 631 681 517 307 173 74 95 34 29 32 20 54 24 5 0 0 0 0 0 0 0 0 0 0 0 0 0 0 0 0 0 0 0 0 0 0 0 0 0 0 0 0 0 0 0 0 0 0 0 0 0 0 0
1017 976 920 935 971 1118 1241 1209 1232 1311 1341 1278 1249 1344 1321 1209 1219 1250 1273 1459 1280 1252 1269 1249 1291 1418 1465 1506 1472 1472 1302 1261 1026 910 857 912 914 898 1077 1077 982 1102 1128 688 425 343 349 240 171 86 53 44 29 21 41 8 0 0 0 0 0 0 0 0 0 0 0 0 0 0 0 0 0 0 0 0 0 0 0 0 0 0 0 0 0 0 0 0 0 0 0 0 0 0 0 0
924 990 909 949 949 949 996 1121 1074 1417 1383 1334 1338 1251 1233 1316 1254 1282 1306 1251 1282 1248 1262 1262 1306 1415 1413 1493 1594 1518 1416 1175 965 908 861 906 898 925 1029 1015 970 1038 955 638 512 654 562 270 96 255 70 50 55 9 46 7 0 0 0 0 0 0 0 0 0 0 0 0 0 0 0 0 0 0 0 0 0 0 0 0 0 0 0 0 0 0 0 0 0 0 0 0 0 0 0 0
953 1018 966 927 967 1033 1153 1174 1246 1335 1411 1372 1365 1289 1244 1295 1293 1284 1316 1250 1269 1248 1250 1260 1262 1358 1435 1458 1375 1443 1414 1241 1038 916 901 930 904 912 1014 984 959 954 887 731 588 552 324 501 161 174 43 66 20 6 38 0 0 0 0 0 0 0 0 0 0 0 0 0 0 0 0 0 0 0 0 0 0 0 0 0 0 0 0 0 0 0 0 0 0 0 0 0 0 0 0 0
958 949 892 924 954 1039 1107 1175 1177 1236 1275 1336 1390 1308 1321 1334 1475 1305 1322 1325 1318 1298 1252 1253 1301 1258 1389 1372 1434 1392 1382 1351 1091 921 888 926 905 915 924 955 968 992 1037 590 616 539 358 232 209 41 47 24 24 47 2 0 0 0 0 0 0 0 0 0 0 0 0 0 0 0 0 0 0 0 0 0 0 0 0 0 0 0 0 0 0 0 0 0 0 0 0 0 0 0 0 0
939 899 903 1087 1080 1020 1224 1273 1304 1428 1375 1282 1453 1389 1370 1311 1358 1402 1355 1278 1309 1258 1259 1291 1394 1289 1276 1522 1402 1392 1427 1333 1201 909 861 895 974 925 918 995 964 1026 1062 850 484 397 267 275 183 224 34 17 11 31 13 0 0 0 0 0 0 0 0 0 0 0 0 0 0 0 0 0 0 0 0 0 0 0 0 0 0 0 0 0 0 0 0 0 0 0 0 0 0 0 0 0
884 878 906 978 1263 1102 1323 1253 1220 1220 1250 1428 1516 1440 1532 1457 1501 1430 1388 1325 1293 1269 1259 1268 1453 1438 1433 1365 1451 1450 1420 1279 932 915 855 902 910 948 1009 992 955 1044 972 608 558 458 392 230 271 228 70 46 28 42 0 0 0 0 0 0 0 0 0 0 0 0 0 0 0 0 0 0 0 0 0 0 0 0 0 0 0 0 0 0 0 0 0 0 0 0 0 0 0 0 0 0
894 884 926 1132 1143 1197 1378 1471 1239 1229 1319 1381 1350 1504 1565 1521 1476 1533 1499 1343 1287 1381 1407 1314 1322 1541 1443 1611 1406 1448 1489 1037 1151 899 891 972 1019 980 1000 1019 820 703 1102 860 675 389 293 233 290 262 25 34 23 14 0 0 0 0 0 0 0 0 0 0 0 0 0 0 0 0 0 0 0 0 0 0 0 0 0 0 0 0 0 0 0 0 0 0 0 0 0 0 0 0 0 0
839 887 920 1086 1109 1148 1390 1520 1335 1288 1280 1691 1470 1510 1684 1666 1690 1595 1578 1395 1343 1404 1356 1352 1313 1332 1513 1448 1445 1443 1468 1276 1230 905 963 1025 1072 1007 1002 1061 874 592 853 795 615 426 272 311 295 299 108 30 6 0 0 0 0 0 0 0 0 0 0 0 0 0 0 0 0 0 0 0 0 0 0 0 0 0 0 0 0 0 0 0 0 0 0 0 0 0 0 0 0 0 0 0
858 928 1019 986 1004 1055 1335 1350 1448 1254 1271 1568 1579 1473 1704 1764 1709 1840 1742 1573 1407 1403 1373 1417 1355 1391 1461 1522 1478 1514 1535 1460 1272 1379 910 1065 1075 1038 964 932 747 643 504 755 359 259 146 216 306 295 35 25 7 0 0 0 0 0 0 0 0 0 0 0 0 0 0 0 0 0 0 0 0 0 0 0 0 0 0 0 0 0 0 0 0 0 0 0 0 0 0 0 0 0 0 0
876 1155 964 985 1014 1042 1185 1386 1154 1262 1587 1668 1319 1503 1632 1661 2022 2000 2085 1822 1462 1472 1407 1636 1425 1445 1462 1497 1460 1475 1497 1464 1009 1353 950 1032 1019 1031 900 788 750 666 648 452 424 88 50 174 414 93 20 4 3 0 0 0 0 0 0 0 0 0 0 0 0 0 0 0 0 0 0 0 0 0 0 0 0 0 0 0 0 0 0 0 0 0 0 0 0 0 0 0 0 0 0 0
868 859 975 1165 1055 1161 1097 1081 1246 1508 1666 1748 1617 1615 1767 1900 1860 2417 1913 1769 1605 1498 1415 1538 1432 1458 1522 1569 1522 1482 1558 1418 1456 1028 879 957 983 920 858 756 851 654 680 342 352 111 71 308 192 19 56 22 0 0 0 0 0 0 0 0 0 0 0 0 0 0 0 0 0 0 0 0 0 0 0 0 0 0 0 0 0 0 0 0 0 0 0 0 0 0 0 0 0 0 0 0
1049 851 956 1039 1081 1093 1233 1252 1361 1493 1748 1657 1517 1600 1602 1713 1970 2473 2035 1609 1585 1595 1578 1599 1521 1537 1545 1564 1574 1617 1589 1457 1454 1206 920 822 628 658 698 656 668 636 618 656 365 349 142 43 34 40 40 35 0 0 0 0 0 0 0 0 0 0 0 0 0 0 0 0 0 0 0 0 0 0 0 0 0 0 0 0 0 0 0 0 0 0 0 0 0 0 0 0 0 0 0 0
808 907 1004 973 980 1072 1165 1352 1426 1545 1903 1821 1859 1679 1860 1745 1881 2430 1786 1689 1595 1559 1573 1559 1582 1594 1576 1666 1638 1586 1620 1491 1435 1364 913 705 674 809 641 626 668 531 329 320 436 438 150 50 60 46 21 5 0 0 0 0 0 0 0 0 0 0 0 0 0 0 0 0 0 0 0 0 0 0 0 0 0 0 0 0 0 0 0 0 0 0 0 0 0 0 0 0 0 0 0 0
880 901 975 1011 1087 1033 1174 1332 1493 1686 1782 1917 1969 1703 1850 1895 2193 2034 1788 1560 1561 1555 1554 1592 1564 1638 1634 1667 1737 1618 1609 1415 642 1273 763 726 834 840 642 713 605 590 452 484 174 402 117 43 33 35 23 0 0 0 0 0 0 0 0 0 0 0 0 0 0 0 0 0 0 0 0 0 0 0 0 0 0 0 0 0 0 0 0 0 0 0 0 0 0 0 0 0 0 0 0 0
869 891 1041 1038 1125 1203 1158 1376 1597 1824 1696 1989 1899 2000 1932 2016 1904 2075 1719 1636 1553 1555 1549 1566 1596 1591 1659 1664 1624 1576 1431 1282 680 758 743 693 716 682 623 747 604 579 271 197 440 231 185 79 47 20 5 0 0 0 0 0 0 0 0 0 0 0 0 0 0 0 0 0 0 0 0 0 0 0 0 0 0 0 0 0 0 0 0 0 0 0 0 0 0 0 0 0 0 0 0 0
916 962 988 1101 1118 1228 1170 1347 1454 2052 1880 2003 2004 2045 2040 1816 1778 1736 1650 1567 1569 1555 1568 1550 1568 1592 1685 1610 1579 1489 1420 1185 835 853 614 689 760 746 547 816 733 594 523 522 543 373 139 106 45 7 6 0 0 0 0 0 0 0 0 0 0 0 0 0 0 0 0 0 0 0 0 0 0 0 0 0 0 0 0 0 0 0 0 0 0 0 0 0 0 0 0 0 0 0 0 0
959 960 1001 1019 1164 1239 1334 1359 1621 1801 2239 2083 2182 2012 1939 1697 1648 1807 1718 1610 1623 1562 1645 1587 1717 1588 1573 1613 1645 1552 1302 900 648 788 741 742 632 688 574 679 667 624 555 589 465 219 134 40 14 2 0 0 0 0 0 0 0 0 0 0 0 0 0 0 0 0 0 0 0 0 0 0 0 0 0 0 0 0 0 0 0 0 0 0 0 0 0 0 0 0 0 0 0 0 0 0
1340 981 980 1142 1185 1317 1316 1422 1533 1850 1988 2149 2209 2109 1887 1709 1704 1764 1566 1591 1650 1596 1576 1714 1612 1591 1619 1524 1573 1596 1543 1402 727 638 744 699 656 642 511 615 607 562 496 321 451 188 96 14 6 7 0 0 0 0 0 0 0 0 0 0 0 0 0 0 0 0 0 0 0 0 0 0 0 0 0 0 0 0 0 0 0 0 0 0 0 0 0 0 0 0 0 0 0 0 0 0
1080 1197 941 1026 1056 1140 1189 1232 1593 1640 1910 2084 2044 2031 1833 1652 1690 1730 1618 1591 1680 1673 1641 1673 1627 1557 1576 1447 1377 1439 1549 1384 749 700 714 716 606 601 610 602 531 476 487 512 259 114 67 24 9 6 0 0 0 0 0 0 0 0 0 0 0 0 0 0 0 0 0 0 0 0 0 0 0 0 0 0 0 0 0 0 0 0 0 0 0 0 0 0 0 0 0 0 0 0 0 0
1205 1102 946 1062 1074 1169 1266 1221 1271 1576 1801 1926 1898 1659 1686 1632 1885 1697 1669 1659 1643 1776 1626 1598 1611 1624 1480 1590 1623 1400 1486 605 820 574 534 697 585 427 480 568 542 336 532 430 236 105 103 91 2 0 0 0 0 0 0 0 0 0 0 0 0 0 0 0 0 0 0 0 0 0 0 0 0 0 0 0 0 0 0 0 0 0 0 0 0 0 0 0 0 0 0 0 0 0 0 0
787 911 950 1306 1167 1187 1357 1364 1245 1587 1607 1807 1660 1529 1592 1586 1773 1716 1691 1655 1667 1726 1835 1635 1685 1588 1514 1604 1530 1455 1480 1338 841 722 643 583 361 423 317 577 800 362 252 344 228 77 173 84 7 0 0 0 0 0 0 0 0 0 0 0 0 0 0 0 0 0 0 0 0 0 0 0 0 0 0 0 0 0 0 0 0 0 0 0 0 0 0 0 0 0 0 0 0 0 0 0
906 876 1017 961 1174 1418 1504 1487 1706 1478 1528 1561 1499 1511 1540 1563 1772 1738 1698 1753 1714 1837 1950 1714 1736 1624 1582 1548 1565 1502 1459 846 810 771 756 671 488 547 452 287 315 120 321 199 93 204 104 9 11 0 0 0 0 0 0 0 0 0 0 0 0 0 0 0 0 0 0 0 0 0 0 0 0 0 0 0 0 0 0 0 0 0 0 0 0 0 0 0 0 0 0 0 0 0 0 0
1254 1086 1538 1318 1335 1336 1366 1340 1541 1643 1582 1701 1493 1472 1599 1558 1800 1776 1754 1844 1780 1906 1903 1651 1575 1672 1578 1539 1378 1421 1533 794 697 805 636 589 568 459 716 360 351 137 62 78 98 33 33 48 5 0 0 0 0 0 0 0 0 0 0 0 0 0 0 0 0 0 0 0 0 0 0 0 0 0 0 0 0 0 0 0 0 0 0 0 0 0 0 0 0 0 0 0 0 0 0 0
1312 1618 1274 1793 1847 1496 1633 1680 1771 1867 1831 1722 1633 1450 1601 1616 1852 1894 1880 1886 1842 1833 1867 1836 1684 1661 1548 1514 1102 1074 1288 769 684 724 624 497 532 469 390 603 299 212 135 115 71 120 35 14 1 0 0 0 0 0 0 0 0 0 0 0 0 0 0 0 0 0 0 0 0 0 0 0 0 0 0 0 0 0 0 0 0 0 0 0 0 0 0 0 0 0 0 0 0 0 0 0
1159 1642 1741 1434 1784 1699 1589 1620 1954 1875 1787 1858 1704 1457 1655 1832 1893 1820 1811 1886 1798 1784 1716 1657 1612 1759 1554 1215 877 731 636 783 702 610 608 591 408 729 268 265 191 390 187 113 139 64 22 9 0 0 0 0 0 0 0 0 0 0 0 0 0 0 0 0 0 0 0 0 0 0 0 0 0 0 0 0 0 0 0 0 0 0 0 0 0 0 0 0 0 0 0 0 0 0 0 0
859 1071 1425 1527 1506 1346 1470 1878 1667 1697 1718 1518 1532 1461 1728 1835 1828 1788 1825 1866 1839 1829 1742 1877 1794 1733 1877 1233 1373 1089 633 691 690 632 557 454 725 454 440 489 274 235 111 96 96 58 9 9 0 0 0 0 0 0 0 0 0 0 0 0 0 0 0 0 0 0 0 0 0 0 0 0 0 0 0 0 0 0 0 0 0 0 0 0 0 0 0 0 0 0 0 0 0 0 0 0
959 945 1294 1192 1804 1824 1673 1301 1891 1501 1831 1393 1491 1650 1511 1631 1724 1731 1849 1797 1567 1805 1548 1604 1591 1678 1690 1491 1205 753 659 717 800 635 427 527 619 604 628 330 126 128 112 86 67 25 59 7 0 0 0 0 0 0 0 0 0 0 0 0 0 0 0 0 0 0 0 0 0 0 0 0 0 0 0 0 0 0 0 0 0 0 0 0 0 0 0 0 0 0 0 0 0 0 0 0
1385 1110 1695 1196 1044 1323 1420 1072 1761 1411 1402 1522 1503 1846 1395 1763 1918 1533 1690 1448 1614 1506 1425 1584 1577 1618 1617 1471 1324 833 853 744 737 609 463 602 633 560 464 328 165 338 104 59 98 7 21 0 0 0 0 0 0 0 0 0 0 0 0 0 0 0 0 0 0 0 0 0 0 0 0 0 0 0 0 0 0 0 0 0 0 0 0 0 0 0 0 0 0 0 0 0 0 0 0 0
1052 994 1529 1507 832 1044 1162 1027 1468 1773 1149 1174 1330 1674 1400 1831 1866 1419 1398 1493 1432 1566 1556 1490 1542 1479 1562 1421 1324 827 841 798 673 656 616 605 590 438 273 280 261 91 73 85 36 4 3 0 0 0 0 0 0 0 0 0 0 0 0 0 0 0 0 0 0 0 0 0 0 0 0 0 0 0 0 0 0 0 0 0 0 0 0 0 0 0 0 0 0 0 0 0 0 0 0 0
765 1200 836 808 785 909 1018 1037 1185 1126 1190 1171 1353 1529 1663 1852 1725 1466 1395 1368 1369 1500 1384 1464 1406 1542 1159 1461 1040 883 758 697 715 509 575 740 467 467 363 145 70 92 92 97 5 9 0 0 0 0 0 0 0 0 0 0 0 0 0 0 0 0 0 0 0 0 0 0 0 0 0 0 0 0 0 0 0 0 0 0 0 0 0 0 0 0 0 0 0 0 0 0 0 0 0 0
898 872 887 808 945 933 1283 1094 1653 1348 1051 1126 1241 1652 1239 1374 1587 1321 1480 1356 1303 1334 1468 1406 1547 1486 1418 740 865 761 760 830 647 575 601 753 475 383 156 124 118 116 175 61 8 17 0 0 0 0 0 0 0 0 0 0 0 0 0 0 0 0 0 0 0 0 0 0 0 0 0 0 0 0 0 0 0 0 0 0 0 0 0 0 0 0 0 0 0 0 0 0 0 0 0 0
1092 1058 986 1395 1448 1026 1098 1140 1654 1465 1358 1067 1243 1454 1299 1615 1499 1280 1301 1314 1365 1502 1532 1414 1479 1482 1385 860 706 773 749 729 765 577 712 638 162 280 156 153 88 178 67 18 5 0 0 0 0 0 0 0 0 0 0 0 0 0 0 0 0 0 0 0 0 0 0 0 0 0 0 0 0 0 0 0 0 0 0 0 0 0 0 0 0 0 0 0 0 0 0 0 0 0 0 0
1194 1199 996 1385 1282 1260 1029 1296 1707 1652 1308 1118 1130 1141 1148 1235 1346 1483 1384 1336 1357 1423 1392 1468 1351 1319 1267 1301 857 920 764 740 632 612 787 475 322 181 118 237 307 96 25 2 5 0 0 0 0 0 0 0 0 0 0 0 0 0 0 0 0 0 0 0 0 0 0 0 0 0 0 0 0 0 0 0 0 0 0 0 0 0 0 0 0 0 0 0 0 0 0 0 0 0 0 0
1236 1324 1230 1513 1480 1379 1313 1184 1729 1515 1377 1200 1417 1125 1400 1458 1311 1273 1333 1468 1315 1390 1396 1382 1292 1153 1211 1272 1266 1263 649 736 546 658 707 566 286 266 210 150 84 53 21 8 6 0 0 0 0 0 0 0 0 0 0 0 0 0 0 0 0 0 0 0 0 0 0 0 0 0 0 0 0 0 0 0 0 0 0 0 0 0 0 0 0 0 0 0 0 0 0 0 0 0 0 0
1483 1837 1475 1596 1616 1280 1157 1271 1520 1438 1367 1269 1596 1417 1148 1452 1473 1304 1393 1309 1349 1513 1344 1339 924 1228 1219 1258 974 1253 691 625 597 608 582 373 176 190 462 82 49 8 10 4 0 0 0 0 0 0 0 0 0 0 0 0 0 0 0 0 0 0 0 0 0 0 0 0 0 0 0 0 0 0 0 0 0 0 0 0 0 0 0 0 0 0 0 0 0 0 0 0 0 0 0 0
1423 1507 1659 1438 1628 1304 1152 1326 1407 1508 1642 1515 1519 1355 1599 1336 1523 1375 1500 1361 1455 1400 1397 1001 931 1050 1282 1156 899 722 570 500 565 491 725 465 265 338 72 98 66 68 4 6 0 0 0 0 0 0 0 0 0 0 0 0 0 0 0 0 0 0 0 0 0 0 0 0 0 0 0 0 0 0 0 0 0 0 0 0 0 0 0 0 0 0 0 0 0 0 0 0 0 0 0 0
1383 1614 1578 1733 1636 1312 1300 1281 1257 1270 1401 1502 1606 1406 1555 1384 1582 1663 1490 1500 1340 1436 1181 1098 864 948 736 1153 1028 474 470 512 424 393 360 229 412 339 164 23 20 29 9 9 0 0 0 0 0 0 0 0 0 0 0 0 0 0 0 0 0 0 0 0 0 0 0 0 0 0 0 0 0 0 0 0 0 0 0 0 0 0 0 0 0 0 0 0 0 0 0 0 0 0 0 0
1422 1446 1665 1646 1698 1538 1433 1301 1320 1438 1679 1523 1933 1437 1393 1590 1617 1474 1627 1424 1339 1348 1272 674 661 685 802 658 644 678 482 570 442 299 241 128 343 55 66 45 35 4 4 0 0 0 0 0 0 0 0 0 0 0 0 0 0 0 0 0 0 0 0 0 0 0 0 0 0 0 0 0 0 0 0 0 0 0 0 0 0 0 0 0 0 0 0 0 0 0 0 0 0 0 0 0
1392 1251 1475 1763 1694 1602 1333 1404 1477 1436 1669 1708 1780 1427 1434 1562 1554 1522 1577 1431 1386 1082 1211 734 632 702 683 679 567 397 602 587 476 246 153 240 181 444 117 80 28 3 13 0 0 0 0 0 0 0 0 0 0 0 0 0 0 0 0 0 0 0 0 0 0 0 0 0 0 0 0 0 0 0 0 0 0 0 0 0 0 0 0 0 0 0 0 0 0 0 0 0 0 0 0 0
1084 1446 1505 1538 1883 1558 1481 1496 1465 1355 1646 1562 1593 1476 1449 1691 1665 1511 1673 1740 1530 1327 1132 631 631 618 712 696 390 364 529 483 475 350 152 256 306 149 106 68 45 7 11 0 0 0 0 0 0 0 0 0 0 0 0 0 0 0 0 0 0 0 0 0 0 0 0 0 0 0 0 0 0 0 0 0 0 0 0 0 0 0 0 0 0 0 0 0 0 0 0 0 0 0 0 0
987 1083 1500 1519 1611 1568 1442 1597 1495 1379 1575 1578 1471 1287 1330 1570 1726 1569 1611 1574 1517 1197 674 712 624 689 684 778 489 373 628 450 434 425 282 155 50 199 154 58 7 8 0 0 0 0 0 0 0 0 0 0 0 0 0 0 0 0 0 0 0 0 0 0 0 0 0 0 0 0 0 0 0 0 0 0 0 0 0 0 0 0 0 0 0 0 0 0 0 0 0 0 0 0 0 0
753 806 1016 869 1131 1615 1563 1344 1389 1314 1373 1308 1266 1372 1527 1393 1452 1383 1368 1639 1243 834 1086 650 652 710 715 522 322 449 520 438 414 310 225 179 82 42 24 27 29 12 0 0 0 0 0 0 0 0 0 0 0 0 0 0 0 0 0 0 0 0 0 0 0 0 0 0 0 0 0 0 0 0 0 0 0 0 0 0 0 0 0 0 0 0 0 0 0 0 0 0 0 0 0 0
754 756 780 805 977 1676 1587 1603 1247 1214 1448 1168 1436 1539 1579 1401 1349 1335 1447 1390 1247 1200 744 630 652 574 597 543 354 393 333 297 358 298 194 97 63 50 53 40 48 4 0 0 0 0 0 0 0 0 0 0 0 0 0 0 0 0 0 0 0 0 0 0 0 0 0 0 0 0 0 0 0 0 0 0 0 0 0 0 0 0 0 0 0 0 0 0 0 0 0 0 0 0 0 0
710 815 770 783 1089 1381 1256 1380 815 1155 1264 1056 1227 1387 1284 1359 1392 1323 1450 1433 1202 1212 644 689 607 642 517 693 289 382 332 246 262 244 188 70 138 111 49 80 25 4 0 0 0 0 0 0 0 0 0 0 0 0 0 0 0 0 0 0 0 0 0 0 0 0 0 0 0 0 0 0 0 0 0 0 0 0 0 0 0 0 0 0 0 0 0 0 0 0 0 0 0 0 0 0
701 747 738 786 767 773 1199 1431 1393 921 1012 1233 1110 1295 1104 1238 1301 1340 1466 1350 1223 1190 722 708 656 666 516 350 312 315 308 264 142 158 85 115 54 38 27 28 12 1 0 0 0 0 0 0 0 0 0 0 0 0 0 0 0 0 0 0 0 0 0 0 0 0 0 0 0 0 0 0 0 0 0 0 0 0 0 0 0 0 0 0 0 0 0 0 0 0 0 0 0 0 0 0
712 749 743 745 790 1238 1557 1405 1528 1334 1126 1320 1069 1044 1275 1239 1214 1469 1425 1362 1222 1142 1201 784 513 546 586 408 83 319 292 70 125 122 71 122 41 46 51 34 0 0 0 0 0 0 0 0 0 0 0 0 0 0 0 0 0 0 0 0 0 0 0 0 0 0 0 0 0 0 0 0 0 0 0 0 0 0 0 0 0 0 0 0 0 0 0 0 0 0 0 0 0 0 0 0
790 801 759 783 876 1512 1648 1644 1703 1376 1020 1072 1064 1116 1217 1193 1174 1228 1236 1253 1210 1129 1179 1020 630 456 502 363 213 176 296 212 354 70 320 85 34 47 28 21 5 0 0 0 0 0 0 0 0 0 0 0 0 0 0 0 0 0 0 0 0 0 0 0 0 0 0 0 0 0 0 0 0 0 0 0 0 0 0 0 0 0 0 0 0 0 0 0 0 0 0 0 0 0 0 0
999 987 806 789 827 1310 1526 1334 1664 1464 1163 1115 1104 1274 1259 1357 1416 1225 1179 1198 1208 1191 1222 882 709 444 589 504 275 218 423 234 169 55 43 56 79 26 16 4 0 0 0 0 0 0 0 0 0 0 0 0 0 0 0 0 0 0 0 0 0 0 0 0 0 0 0 0 0 0 0 0 0 0 0 0 0 0 0 0 0 0 0 0 0 0 0 0 0 0 0 0 0 0 0 0
1058 938 941 795 895 920 1124 1389 1371 1233 1265 1075 1087 1128 1351 1372 1390 1299 1190 1206 1193 1187 834 887 530 432 598 439 227 94 109 63 67 60 42 31 24 7 13 19 0 0 0 0 0 0 0 0 0 0 0 0 0 0 0 0 0 0 0 0 0 0 0 0 0 0 0 0 0 0 0 0 0 0 0 0 0 0 0 0 0 0 0 0 0 0 0 0 0 0 0 0 0 0 0 0
