geoid/ascii _raster_file/srtm11km.asc
ncols        225
nrows        339
xllcorner    41.659583333000
yllcorner    -26.971250000000
dx           0.049999999982
dy           0.049931170088
[rows 112 to 167 of 339, columns 96 to 191 of 225]
41 8 17 14 65 91 95 102 80 197 18 84 7 7 6 38 12 71 89 34 60 88 192 166 94 19 56 37 54 32 68 154 131 176 200 229 237 289 310 253 242 242 232 285 247 483 981 660 636 412 630 606 396 428 926 899 933 892 845 867 721 779 696 710 210 124 0 0 0 0 0 0 659 604 420 205 210 57 43 43 0 0 0 0 0 0 0 0 0 0 0 0 0 0 0 0
13 48 31 25 32 85 106 132 100 45 43 23 6 7 8 19 23 42 86 73 86 145 218 105 45 26 62 56 69 51 63 142 119 189 197 232 257 371 278 326 263 263 274 310 294 767 458 363 736 394 698 675 407 438 902 891 822 882 857 797 738 660 697 229 344 15 0 0 0 0 0 0 338 557 493 220 143 100 95 11 0 0 0 0 0 0 0 0 0 0 0 0 0 0 0 0
5 24 54 53 60 49 198 128 67 77 39 6 8 8 10 14 34 51 127 109 166 190 173 56 26 63 27 32 41 63 105 168 240 169 228 197 249 719 297 508 272 275 296 306 265 256 509 317 645 413 594 389 386 634 904 878 835 879 909 806 913 778 644 510 495 294 0 0 0 0 0 0 0 418 143 86 78 42 21 13 0 0 0 0 0 0 0 0 0 0 0 0 0 0 0 0
32 80 97 84 140 65 57 80 91 142 34 15 15 9 21 26 62 96 61 91 139 234 105 64 62 49 48 31 50 74 155 172 192 307 234 199 203 245 326 452 342 313 405 280 921 313 277 450 297 375 360 333 448 708 958 880 918 902 1026 906 863 806 674 411 528 181 17 0 0 0 0 0 0 124 197 23 101 15 11 7 0 0 0 0 0 0 0 0 0 0 0 0 0 0 0 0
2 70 145 172 196 69 69 86 99 85 40 20 40 31 33 77 85 34 81 116 181 277 140 60 70 83 47 61 50 107 169 181 236 258 221 194 217 333 374 367 330 620 362 483 516 296 353 406 295 304 314 332 392 679 807 906 883 845 953 950 814 813 853 590 426 226 82 0 0 0 0 0 0 38 71 21 16 12 18 0 0 0 0 0 0 0 0 0 0 0 0 0 0 0 0 0
4 2 14 214 183 64 55 52 37 48 27 38 80 58 63 115 51 63 117 139 204 219 66 66 71 41 43 44 86 165 178 240 276 271 232 251 311 410 289 295 308 329 347 410 409 410 360 364 420 309 366 340 424 594 811 864 832 787 846 808 830 843 667 576 529 331 97 0 0 0 0 0 0 0 71 31 61 16 0 0 0 0 0 0 0 0 0 0 0 0 0 0 0 0 0 0
2 3 6 10 37 28 49 28 44 57 47 70 87 82 57 140 85 101 123 136 225 275 59 62 57 46 61 52 125 180 204 308 245 375 256 457 242 275 445 307 302 337 335 401 400 384 494 313 554 331 578 366 393 700 830 814 817 744 800 781 664 623 452 595 324 234 27 0 0 0 0 0 0 0 0 0 26 0 0 0 0 0 0 0 0 0 0 0 0 0 0 0 0 0 0 0
6 9 3 7 11 7 7 25 41 60 52 94 97 94 82 76 107 121 168 161 241 105 71 91 50 46 55 106 138 180 223 354 294 537 279 595 480 319 705 329 338 305 309 333 381 511 638 372 560 405 895 416 400 836 811 774 795 801 702 765 461 567 312 240 152 87 0 0 0 0 0 0 0 0 0 0 0 0 0 0 0 0 0 0 0 0 0 0 0 0 0 0 0 0 0 0
2 25 6 8 3 7 10 26 43 29 55 63 118 106 109 103 60 122 201 198 90 82 88 59 45 49 77 156 150 300 239 263 299 431 481 580 460 442 719 510 327 477 386 375 395 485 506 769 340 448 525 1062 630 812 810 758 746 792 799 699 444 310 279 110 61 95 0 0 0 0 0 0 0 0 0 0 0 0 0 0 0 0 0 0 0 0 0 0 0 0 0 0 0 0 0 0
17 8 38 16 56 7 8 5 16 39 75 109 115 132 158 90 114 135 106 174 66 69 97 53 58 55 120 194 208 233 291 299 327 507 774 1000 701 543 1018 779 388 679 375 414 486 404 1254 673 552 450 552 787 824 822 821 805 747 707 695 720 690 458 417 261 165 61 18 0 0 0 0 0 0 0 0 0 0 0 0 0 0 0 0 0 0 0 0 0 0 0 0 0 0 0 0 0
46 33 62 19 6 4 8 9 32 46 84 108 168 182 223 238 251 220 68 54 67 66 82 94 69 102 167 214 230 223 260 306 345 676 1061 1067 1169 1119 1201 1067 575 949 446 511 438 454 640 791 1029 511 473 781 778 783 819 825 770 746 674 645 632 613 708 431 215 167 33 17 7 0 0 0 0 0 0 0 0 0 0 0 0 0 0 0 0 0 0 0 0 0 0 0 0 0 0 0
29 34 8 3 7 20 22 38 75 104 171 143 242 257 297 307 201 127 57 67 82 76 95 79 91 113 172 243 253 265 302 305 410 513 820 1029 1189 1214 1260 1209 1096 829 534 414 467 524 969 1118 975 576 759 785 791 794 753 734 743 817 742 727 671 547 457 504 441 108 90 61 14 85 0 0 0 0 0 0 0 0 0 0 0 0 0 0 0 0 0 0 0 0 0 0 0 0 0 0
44 62 75 47 98 101 93 58 112 86 161 257 295 341 334 136 205 96 67 61 73 72 86 112 119 164 176 296 260 310 529 579 641 1002 1003 1193 1100 1245 1242 1208 993 988 817 460 749 514 766 1111 1144 695 897 924 814 810 780 823 873 902 758 731 629 563 497 392 366 349 222 123 291 96 0 0 0 0 0 0 0 0 0 0 0 0 0 0 0 0 0 0 0 0 0 0 0 0 0 0
78 112 167 60 152 155 166 148 195 220 286 173 164 221 209 103 75 68 61 69 82 95 84 98 162 209 234 316 285 554 610 713 389 431 892 546 1099 729 848 1224 1118 1070 818 447 861 943 737 1115 1109 875 835 873 788 806 772 930 893 822 691 780 701 462 430 402 322 139 404 459 364 0 0 0 0 0 0 0 0 0 0 0 0 0 0 0 0 0 0 0 0 0 0 0 0 0 0 0
169 181 189 62 36 182 102 72 65 142 152 138 73 90 60 57 97 79 67 92 73 77 92 132 188 157 307 358 484 523 547 792 443 469 415 489 542 538 690 623 1174 1082 1185 678 1208 928 1124 1113 881 898 846 754 765 715 792 764 845 598 614 551 612 576 316 444 376 277 443 382 225 0 0 0 0 0 0 0 0 0 0 0 0 0 0 0 0 0 0 0 0 0 0 0 0 0 0 0
269 210 99 13 38 4 13 13 27 66 52 49 54 51 61 40 86 67 72 85 85 122 157 182 326 382 298 309 561 814 709 1053 823 644 452 445 482 476 643 602 758 1167 1048 990 1163 1137 1156 1161 905 860 842 760 784 719 658 822 655 676 568 568 504 514 449 474 278 411 476 339 164 0 0 0 0 0 0 0 0 0 0 0 0 0 0 0 0 0 0 0 0 0 0 0 0 0 0 0
211 164 15 57 78 70 17 18 19 16 20 24 29 30 35 38 58 59 77 80 106 130 178 240 333 349 542 496 499 904 1038 963 1115 1166 520 495 508 552 782 565 814 825 917 826 1183 1162 1186 1156 882 872 843 836 733 722 602 501 642 598 501 473 475 519 489 476 443 421 422 395 304 17 0 0 0 0 0 0 0 0 0 0 0 0 0 0 0 0 0 0 0 0 0 0 0 0 0 0
105 59 82 108 188 38 14 17 14 18 23 25 23 50 41 60 64 100 103 103 171 138 192 277 357 448 408 585 807 1003 1114 1106 1229 779 521 500 461 504 777 576 821 696 742 1007 1064 1228 1181 988 846 873 819 817 740 759 698 668 577 556 516 509 452 410 482 401 477 369 488 239 292 20 0 0 0 0 0 0 0 0 0 0 0 0 0 0 0 0 0 0 0 0 0 0 0 0 0 0
67 85 44 83 76 14 21 20 33 37 31 23 28 27 41 69 48 51 106 161 177 225 267 295 273 419 761 607 650 1098 1123 1201 1181 616 589 543 542 523 562 614 708 758 991 1001 1153 1174 1034 953 905 846 822 858 922 917 684 587 494 470 463 505 426 450 424 404 415 339 293 81 39 20 0 0 0 0 0 0 0 0 0 0 0 0 0 0 0 0 0 0 0 0 0 0 0 0 0 0
58 80 77 99 28 34 40 71 65 32 35 25 45 45 53 90 73 125 156 171 255 308 288 332 311 405 831 1004 1048 1055 1090 1248 1148 941 597 596 564 546 527 573 586 970 875 890 1236 1232 1056 1012 894 883 873 926 1056 1053 659 760 612 503 459 434 447 440 462 375 397 355 148 11 11 0 0 0 0 0 0 0 0 0 0 0 0 0 0 0 0 0 0 0 0 0 0 0 0 0 0 0
146 191 185 81 37 104 54 36 20 33 51 32 45 67 56 112 110 156 208 181 273 314 299 349 311 372 376 1069 1052 1129 1089 1209 1087 634 695 649 609 543 572 581 655 798 682 824 1174 1074 1071 1031 1059 1035 1039 1103 1112 1021 1028 860 729 563 455 447 449 378 419 408 424 352 240 210 0 0 0 0 0 0 0 0 0 0 0 0 0 0 0 0 0 0 0 0 0 0 0 0 0 0 0 0
154 134 151 79 36 79 50 47 25 25 40 33 40 39 79 117 130 220 193 235 263 359 332 346 320 331 417 573 934 1108 1184 1263 1032 857 799 731 672 569 611 573 840 828 689 1099 973 1087 1110 1057 1075 1034 1074 1009 926 842 1058 726 580 504 565 512 370 339 384 263 296 75 28 0 0 0 0 0 0 0 0 0 0 0 0 0 0 0 0 0 0 0 0 0 0 0 0 0 0 0 0 0
179 101 70 44 111 70 33 26 41 33 36 42 59 72 107 211 207 298 289 299 287 459 369 335 350 337 373 982 1011 1015 1138 1277 1119 1029 751 832 704 605 760 641 715 908 958 1058 987 995 1160 1107 1094 1046 1024 1009 817 819 821 934 859 545 513 483 419 302 120 141 285 14 23 0 0 0 0 0 24 0 0 0 0 0 0 0 0 0 0 0 0 0 0 0 0 0 0 0 0 0 0 0
57 75 66 106 55 70 46 71 56 31 47 44 63 155 156 203 247 361 442 407 622 547 445 390 384 373 376 1061 1090 1131 1202 1280 1277 943 1237 769 643 677 726 615 701 1055 1169 1020 951 1042 1106 1116 1104 1092 923 935 705 894 578 778 495 700 382 434 320 296 192 65 147 15 12 7 0 0 0 0 0 0 0 0 0 0 0 0 0 0 0 0 0 0 0 0 0 0 0 0 0 0 0 0
75 157 83 127 122 130 114 61 35 39 32 108 122 186 241 273 345 396 518 623 741 543 756 475 391 419 377 1071 1097 1115 1133 1258 1298 1281 1239 825 840 842 692 709 682 976 1145 967 947 943 1038 988 1115 1079 1054 888 779 625 610 810 524 574 412 396 323 258 245 311 181 16 11 9 0 0 0 35 0 0 0 0 0 0 0 0 0 0 0 0 0 0 0 0 0 0 0 0 0 0 0 0
171 162 136 124 177 167 88 71 89 42 70 130 173 229 321 312 383 529 476 580 951 777 1021 493 367 405 649 679 1067 1233 1231 1245 1273 1289 1237 855 747 780 729 699 843 963 941 975 934 938 934 972 1015 1073 951 847 929 813 672 671 536 528 360 306 157 255 110 10 6 0 0 0 0 0 95 0 0 0 0 0 0 0 0 0 0 0 0 0 0 0 0 0 0 0 0 0 0 0 0 0
173 164 175 209 239 91 73 99 58 78 106 211 180 270 386 446 511 642 648 862 845 1105 1055 406 517 596 580 604 767 703 1203 1277 1303 1296 1163 957 922 897 829 966 763 1020 913 910 938 972 976 863 902 935 869 773 840 660 685 644 581 325 444 256 319 315 110 20 0 0 0 0 0 0 53 0 0 0 0 0 0 0 0 0 0 0 0 0 0 0 0 0 0 0 0 0 0 0 0 0
239 267 246 107 128 73 70 51 108 170 197 253 217 228 361 336 622 740 1063 557 1030 1133 634 627 446 426 638 805 570 676 926 1174 934 1263 1270 1000 819 878 1029 1000 1027 950 1041 925 912 979 983 947 948 795 859 661 700 874 601 503 453 283 324 156 244 188 224 50 0 0 0 0 0 0 0 0 0 0 0 0 0 0 0 0 0 0 0 0 0 0 0 0 0 0 0 0 0 0 0 0
249 296 302 87 78 107 57 100 121 185 234 343 232 273 326 655 833 648 990 917 1279 1239 602 516 727 551 617 555 586 1191 680 886 730 910 1121 1031 1088 1029 1002 986 908 886 941 960 1076 1003 966 1228 1090 992 781 785 831 726 781 645 468 239 258 68 53 120 14 0 0 0 0 0 0 23 0 0 0 0 0 0 0 0 0 0 0 0 0 0 0 0 0 0 0 0 0 0 0 0 0 0
260 317 265 85 101 68 133 156 188 251 291 405 313 283 354 718 624 977 958 1033 1234 1296 699 566 662 705 704 631 493 639 685 671 650 733 868 863 1094 993 855 1004 926 884 937 1017 1045 1029 933 1276 1030 977 854 683 795 626 473 488 390 435 332 226 61 17 9 0 0 0 0 0 0 0 0 0 0 0 0 0 0 0 0 0 0 0 0 0 0 0 0 0 0 0 0 0 0 0 0 0
304 307 251 86 79 182 181 222 233 249 497 303 311 580 395 456 658 567 1230 1227 1303 1303 644 674 713 868 652 644 509 584 630 887 668 661 771 789 948 984 856 841 913 881 911 1011 966 1031 948 1208 1032 938 731 891 713 498 455 331 320 160 119 195 66 43 9 0 0 0 0 0 0 0 0 0 0 0 0 0 0 0 0 0 0 0 0 0 0 0 0 0 0 0 0 0 0 0 0 0
345 341 86 109 182 284 220 238 304 336 337 315 378 593 703 406 784 536 1144 1283 1209 1304 634 665 892 717 750 672 563 577 617 825 640 689 735 892 996 984 926 817 838 806 837 987 899 1009 856 1182 935 795 764 685 506 507 426 352 326 248 68 126 13 8 0 0 0 0 0 0 0 0 0 0 0 0 0 0 0 0 0 0 0 0 0 0 0 0 0 0 0 0 0 0 0 0 0 0
404 92 120 110 193 288 322 306 304 283 343 327 391 658 735 773 418 486 540 936 993 1288 734 738 851 794 691 715 607 638 903 1143 1150 696 792 926 984 980 905 784 828 957 857 906 897 1038 858 895 793 765 624 499 399 391 335 413 272 136 62 137 40 4 0 0 0 0 0 0 0 0 0 0 0 0 0 0 0 0 0 0 0 0 0 0 0 0 0 0 0 0 0 0 0 0 0 0
124 101 203 216 275 264 338 354 352 325 473 527 402 436 798 841 525 565 652 976 780 987 709 1019 845 789 669 661 652 643 752 1037 1185 747 739 888 982 950 847 877 974 889 764 898 759 890 853 740 876 717 661 508 344 228 337 367 335 73 185 144 34 0 0 0 0 0 0 0 0 0 0 0 0 0 0 0 0 0 0 0 0 0 0 0 0 0 0 0 0 0 0 0 0 0 0 0
192 242 311 248 214 294 352 354 492 425 513 391 412 760 960 935 634 575 647 727 771 995 715 1075 1060 805 659 626 672 659 666 1048 1194 924 952 921 936 861 825 783 766 765 761 754 752 771 787 941 814 682 577 461 474 182 175 146 136 67 106 187 30 0 0 0 0 0 0 0 0 0 0 0 0 0 0 0 0 0 0 0 0 0 0 0 0 0 0 0 0 0 0 0 0 0 0 0
299 349 259 184 368 442 375 380 355 396 470 482 695 745 911 1171 638 573 546 616 662 804 852 1151 927 793 734 647 854 900 684 991 1200 1054 1001 918 912 971 785 781 762 758 754 752 752 755 798 785 780 681 676 632 251 202 318 228 115 86 92 198 39 29 0 0 0 0 0 0 0 0 0 0 0 0 0 0 0 0 0 0 0 0 0 0 0 0 0 0 0 0 0 0 0 0 0 0
296 296 357 405 440 516 475 402 488 557 471 565 597 759 1045 897 676 559 536 610 749 683 761 823 1144 782 669 889 790 792 738 876 904 938 1001 980 941 910 870 764 759 758 754 752 849 797 880 894 904 714 587 431 218 522 329 216 145 115 144 85 34 6 0 0 0 0 0 0 0 0 0 0 0 0 0 0 0 0 0 0 0 0 0 0 0 0 0 0 0 0 0 0 0 0 0 0
387 400 360 477 491 603 570 516 630 594 531 604 589 648 961 782 595 646 761 592 799 700 729 787 927 998 830 814 724 807 944 1139 883 906 1250 958 900 854 792 757 758 756 752 756 818 842 1065 1107 914 805 770 618 319 446 225 243 179 272 170 124 110 14 0 0 0 0 0 0 0 0 0 0 0 0 0 0 0 0 0 0 0 0 0 0 0 0 0 0 0 0 0 0 0 0 0 0
470 402 431 515 513 687 595 706 603 533 835 649 699 820 1009 723 677 805 697 604 624 625 822 839 1058 922 985 732 783 766 935 1118 1025 1290 1073 962 835 790 820 754 756 756 752 780 860 1162 1107 1434 1252 797 810 614 720 438 687 237 242 189 350 264 177 44 0 0 0 0 0 0 0 0 0 0 0 0 0 0 0 0 0 0 0 0 0 0 0 0 0 0 0 0 0 0 0 0 0 0
476 568 416 515 525 705 630 729 791 688 671 608 1033 947 898 780 806 741 622 677 608 647 832 904 834 1059 726 765 764 768 969 952 1031 1158 1011 880 809 764 794 756 755 757 752 824 935 1286 1433 1307 1248 932 1078 845 689 725 513 355 210 193 180 149 106 31 11 0 0 0 0 0 0 0 0 0 0 0 0 0 0 0 0 0 0 0 0 0 0 0 0 0 0 0 0 0 0 0 0 0
474 579 515 754 811 626 743 831 776 634 663 786 696 819 947 1133 702 653 667 687 628 655 665 873 898 824 738 909 883 1027 819 1103 1116 1101 1023 880 805 760 758 757 756 757 755 1042 994 1095 1242 1377 1298 926 983 700 628 752 455 314 471 234 196 46 54 18 9 0 0 0 0 0 0 0 0 0 0 0 0 0 0 0 0 0 0 0 0 0 0 0 0 0 0 0 0 0 0 0 0 0
525 575 614 760 866 840 735 614 672 726 1092 769 834 773 943 894 868 677 837 638 653 654 788 892 984 970 822 1024 968 1089 970 1136 1227 1066 1003 802 798 759 756 757 759 758 803 1178 1027 976 1009 1036 914 911 1043 796 662 211 345 440 238 125 174 106 80 37 16 0 0 0 0 0 0 0 0 0 0 0 0 0 0 0 0 0 0 0 0 0 0 0 0 0 0 0 0 0 0 0 0 0
692 735 788 886 763 695 825 832 750 795 950 824 1150 809 1295 1133 998 907 849 690 680 694 674 992 1192 990 907 1170 1352 1060 1246 1215 1218 1002 943 832 769 760 761 784 759 768 926 1070 1026 955 933 907 831 857 681 648 703 392 327 146 202 316 172 106 28 43 13 0 0 0 0 0 0 0 0 0 0 0 0 0 0 0 0 0 0 0 0 0 0 0 0 0 0 0 0 0 0 0 0 0
816 812 823 840 784 886 1063 766 799 748 1018 978 1241 1139 1073 1066 1023 892 788 766 1095 1278 809 883 1011 978 936 1331 1223 975 1321 1166 1027 993 928 827 764 762 762 842 766 768 926 1167 1023 965 983 959 924 889 828 732 590 612 460 220 353 373 133 66 107 24 7 0 0 0 0 0 0 0 0 0 0 0 0 0 0 0 0 0 0 0 0 0 0 0 0 0 0 0 0 0 0 0 0 0
817 765 820 862 1009 968 818 853 913 738 829 1096 850 1347 1498 1366 888 815 741 732 946 1210 906 1096 1206 1090 1093 1397 1424 1228 1052 1233 1057 999 924 792 795 768 789 840 773 893 1014 1109 1045 1132 1104 981 1186 1024 1006 860 776 776 509 269 350 270 100 100 95 33 0 0 0 0 0 0 0 0 0 0 0 0 0 0 0 0 0 0 0 0 0 0 0 0 0 0 0 0 0 0 0 0 0 0
833 854 806 834 970 907 932 1138 905 779 791 1034 979 1134 1283 983 934 977 1021 865 1146 829 781 1023 1259 1079 1142 1124 1325 1427 1330 1189 1123 927 916 776 797 783 792 797 840 810 924 1168 1187 1234 1161 1091 1321 1062 940 850 792 378 248 562 210 415 241 79 16 15 0 0 0 0 0 0 0 0 0 0 0 0 0 0 0 0 0 0 0 0 0 0 0 0 0 0 0 0 0 0 0 0 0 0
835 843 786 847 1231 873 1077 1313 758 871 765 826 835 944 976 1333 1098 984 1017 1067 971 853 789 915 1300 1264 1295 1256 1308 1222 1225 1125 1013 931 905 865 779 835 815 1008 1038 812 925 1032 1245 1014 1081 1087 868 891 861 801 489 685 498 163 180 174 63 130 61 2 0 0 0 0 0 0 0 0 0 0 0 0 0 0 0 0 0 0 0 0 0 0 0 0 0 0 0 0 0 0 0 0 0 0
859 816 1159 1040 874 1213 1288 907 843 825 826 945 1177 891 1438 1481 1350 1159 1140 1450 992 1040 856 822 1249 1318 1179 1233 1213 1142 1170 1193 951 903 949 923 841 844 940 1040 953 904 1013 1385 1198 1031 933 888 991 753 720 398 657 654 551 287 275 96 63 60 28 0 0 0 0 0 0 0 0 0 0 0 0 0 0 0 0 0 0 0 0 0 0 0 0 0 0 0 0 0 0 0 0 0 0 0
1064 1177 894 830 1062 1380 1242 879 871 786 1017 1472 1035 1119 1032 1277 1450 1326 1264 1231 1040 922 803 850 859 1340 1108 1277 1159 1220 1172 1167 1061 923 996 943 857 903 904 1057 980 1047 1131 1132 1162 996 1013 1045 918 765 740 354 321 474 467 305 321 159 91 32 9 0 0 0 0 0 0 0 0 0 0 0 0 0 0 0 0 0 0 0 0 0 0 0 0 0 0 0 0 0 0 0 0 0 0 0
1149 1012 906 850 1217 1402 1213 1032 891 1241 1089 1001 1383 1399 1220 1185 1445 1555 1339 1293 1136 970 882 914 937 1187 1105 1097 1286 1214 1256 1192 1220 1002 1009 987 887 949 1008 1165 1039 1063 1210 1032 1160 1004 1023 1018 971 982 615 578 530 213 178 175 118 277 71 66 9 0 0 0 0 0 0 0 0 0 0 0 0 0 0 0 0 0 0 0 0 0 0 0 0 0 0 0 0 0 0 0 0 0 0 0
1021 930 871 857 1286 1332 1127 938 896 950 1044 1086 1081 1170 1206 1216 1458 1525 1566 1038 1193 919 840 885 1188 1238 1107 1067 1116 1275 1253 1264 1261 1037 1067 1030 997 945 1020 1154 1083 1085 1027 1027 1098 946 913 1011 1309 874 968 534 640 405 146 129 115 17 69 26 12 0 0 0 0 0 0 0 0 0 0 0 0 0 0 0 0 0 0 0 0 0 0 0 0 0 0 0 0 0 0 0 0 0 0 0
926 1027 903 905 1417 1429 1454 1025 1449 1020 993 1189 1421 1107 1352 1290 1594 1537 1604 1373 1066 947 938 929 876 968 1118 1104 1091 1386 1302 1312 1324 1021 1114 1004 980 953 967 1179 1122 1065 1031 1036 1110 1004 1000 1054 1123 822 1268 442 524 335 168 108 80 14 12 10 0 0 0 0 0 0 0 0 0 0 0 0 0 0 0 0 0 0 0 0 0 0 0 0 0 0 0 0 0 0 0 0 0 0 0 0
1016 1197 897 1083 1256 1193 1408 1201 1450 1502 981 992 1232 1204 1262 1240 1615 1600 1417 1112 1034 892 992 1135 1249 943 1107 1202 1107 1142 1353 1337 1277 1095 1003 1012 966 935 929 1118 1101 1141 1044 1196 1132 1037 994 1045 843 928 1038 388 312 188 201 84 129 45 45 6 0 0 0 0 0 0 0 0 0 0 0 0 0 0 0 0 0 0 0 0 0 0 0 0 0 0 0 0 0 0 0 0 0 0 0 0
1262 1186 882 947 1028 1190 1302 1510 1507 1514 1040 1073 1110 1324 1215 1209 1588 1577 1497 1280 1083 1193 1114 1262 1087 1058 1183 1123 1128 1189 1223 1224 1246 1138 1071 1037 1048 957 966 1189 1084 1141 1096 1220 984 988 1014 917 664 740 672 461 451 83 124 70 74 26 16 12 0 0 0 0 0 0 0 0 0 0 0 0 0 0 0 0 0 0 0 0 0 0 0 0 0 0 0 0 0 0 0 0 0 0 0 0
1141 1005 1013 976 1054 1121 1100 1412 1533 1504 1232 1069 1425 1194 1202 1227 1353 1631 1368 1341 1103 1052 936 1031 961 982 1158 1149 1286 1224 1282 1234 1240 1296 985 1043 985 916 987 1160 1120 1062 1499 1325 1022 938 936 538 534 657 529 390 319 274 105 64 118 95 4 14 0 0 0 0 0 0 0 0 0 0 0 0 0 0 0 0 0 0 0 0 0 0 0 0 0 0 0 0 0 0 0 0 0 0 0 0
1130 1103 935 1052 1003 1098 1105 1227 1558 1562 1281 1045 1418 1220 1208 1350 1390 1523 1758 1212 1117 1231 956 958 1046 1294 1240 1177 1323 1309 1269 1287 1272 1303 999 973 912 910 978 1051 997 1328 1494 1136 1053 742 655 347 1053 550 563 450 528 453 217 97 81 23 5 13 0 0 0 0 0 0 0 0 0 0 0 0 0 0 0 0 0 0 0 0 0 0 0 0 0 0 0 0 0 0 0 0 0 0 0 0
