geoid/ascii _raster_file/srtm1km.asc
ncols        921
nrows        1647
xllcorner    41.599583333024
yllcorner    -26.241393729408
dx           0.009999999996
dy           0.009998031104
[rows 980 to 1028 of 1647, columns 672 to 767 of 921]
733 740 734 814 687 731 669 673 727 693 687 601 574 564 663 510 548 694 603 573 549 537 579 509 475 483 512 563 429 371 295 221 297 161 186 288 130 189 102 83 156 128 92 66 46 16 27 9 8 5 3 4 8 7 5 8 0 0 0 0 0 0 0 0 0 0 0 0 0 0 0 0 0 0 0 0 0 0 0 0 0 0 0 0 0 0 0 0 0 0 0 0 0 0 0 0
716 681 755 748 726 722 678 680 674 714 658 649 598 550 580 486 732 593 645 684 647 559 569 510 492 455 488 436 321 371 295 149 124 122 169 131 202 269 86 107 129 122 61 109 32 13 9 6 5 6 4 0 5 9 4 0 0 0 0 0 0 0 0 0 0 0 0 0 0 0 0 0 0 0 0 0 0 0 0 0 0 0 0 0 0 0 0 0 0 0 0 0 0 0 0 0
701 672 748 731 764 670 694 650 657 673 660 621 565 559 530 652 729 635 717 686 585 550 557 498 464 539 552 391 401 259 141 151 213 192 128 131 124 173 45 101 88 101 66 70 53 11 12 7 6 4 5 5 3 5 9 0 0 0 0 0 0 0 0 0 0 0 0 0 0 0 0 0 0 0 0 0 0 0 0 0 0 0 0 0 0 0 0 0 0 0 0 0 0 0 0 0
681 675 689 704 695 713 662 631 739 637 653 660 603 557 536 803 546 646 703 685 599 574 536 570 493 475 422 327 378 384 256 234 257 192 176 134 155 101 56 56 43 23 9 9 22 6 13 8 5 6 3 5 4 4 2 0 0 0 0 0 0 0 0 0 0 0 0 0 0 0 0 0 0 0 0 0 0 0 0 0 0 0 0 0 0 0 0 0 0 0 0 0 0 0 0 0
694 664 681 711 644 690 663 651 652 652 686 579 618 516 608 687 536 542 617 515 607 542 526 515 498 506 515 437 455 328 249 394 275 193 123 160 320 97 69 58 46 44 67 33 45 5 4 5 4 4 3 6 6 0 3 0 0 0 0 0 0 0 0 0 0 0 0 0 0 0 0 0 0 0 0 0 0 0 0 0 0 0 0 0 0 0 0 0 0 0 0 0 0 0 0 0
674 676 684 737 681 649 698 632 608 666 675 592 556 568 665 581 500 638 524 518 462 542 468 534 480 481 573 505 512 375 362 474 248 239 139 331 381 158 81 45 39 60 47 106 35 5 6 5 7 2 3 6 0 7 0 0 0 0 0 0 0 0 0 0 0 0 0 0 0 0 0 0 0 0 0 0 0 0 0 0 0 0 0 0 0 0 0 0 0 0 0 0 0 0 0 0
665 681 629 694 652 652 651 648 619 607 647 565 528 715 720 681 500 529 487 461 389 505 416 525 521 477 496 487 495 371 441 321 259 278 165 252 291 170 81 171 103 100 109 46 37 10 -1 3 5 4 4 4 9 11 0 0 0 0 0 0 0 0 0 0 0 0 0 0 0 0 0 0 0 0 0 0 0 0 0 0 0 0 0 0 0 0 0 0 0 0 0 0 0 0 0 0
693 645 618 621 598 557 613 648 642 590 553 535 593 656 736 547 503 469 468 530 442 319 461 461 569 461 431 397 426 314 378 240 276 319 205 203 96 136 67 78 87 88 67 19 27 5 4 1 2 4 3 1 6 12 0 0 0 0 0 0 0 0 0 0 0 0 0 0 0 0 0 0 0 0 0 0 0 0 0 0 0 0 0 0 0 0 0 0 0 0 0 0 0 0 0 0
674 627 647 646 596 574 573 634 659 590 557 552 680 672 591 544 498 512 461 426 489 338 378 479 578 497 438 436 344 259 233 199 264 207 132 119 66 66 76 49 55 46 11 14 10 4 13 7 1 7 5 8 6 9 0 0 0 0 0 0 0 0 0 0 0 0 0 0 0 0 0 0 0 0 0 0 0 0 0 0 0 0 0 0 0 0 0 0 0 0 0 0 0 0 0 0
611 621 593 615 609 541 572 629 669 607 568 688 602 465 504 518 448 440 512 470 452 321 330 528 511 463 272 322 384 289 203 148 117 114 77 86 90 80 68 120 17 43 24 52 7 7 5 3 5 6 7 8 7 0 0 0 0 0 0 0 0 0 0 0 0 0 0 0 0 0 0 0 0 0 0 0 0 0 0 0 0 0 0 0 0 0 0 0 0 0 0 0 0 0 0 0
742 600 607 591 609 557 549 611 611 601 649 723 460 458 447 443 497 492 497 364 404 298 284 217 327 161 199 295 429 400 159 280 100 79 94 81 162 43 171 141 60 12 9 3 28 21 11 15 27 32 21 8 5 0 0 0 0 0 0 0 0 0 0 0 0 0 0 0 0 0 0 0 0 0 0 0 0 0 0 0 0 0 0 0 0 0 0 0 0 0 0 0 0 0 0 0
816 635 587 585 619 541 548 551 562 599 792 595 526 548 540 453 475 531 526 525 295 356 282 191 173 157 151 219 342 195 112 106 97 56 55 82 33 95 110 49 26 10 18 41 27 18 35 28 11 13 7 8 8 0 0 0 0 0 0 0 0 0 0 0 0 0 0 0 0 0 0 0 0 0 0 0 0 0 0 0 0 0 0 0 0 0 0 0 0 0 0 0 0 0 0 0
569 657 623 589 644 561 553 528 591 637 659 497 534 516 467 517 521 466 424 553 378 261 320 213 262 225 167 136 130 127 97 67 86 52 38 96 39 118 28 30 28 38 59 45 40 37 19 12 14 8 9 7 8 0 0 0 0 0 0 0 0 0 0 0 0 0 0 0 0 0 0 0 0 0 0 0 0 0 0 0 0 0 0 0 0 0 0 0 0 0 0 0 0 0 0 0
629 684 605 622 701 516 530 600 602 651 487 523 600 583 561 528 500 455 435 395 321 555 304 276 382 168 258 225 256 135 135 130 116 65 102 89 63 98 55 18 37 52 91 47 30 28 18 12 5 5 8 7 11 0 0 0 0 0 0 0 0 0 0 0 0 0 0 0 0 0 0 0 0 0 0 0 0 0 0 0 0 0 0 0 0 0 0 0 0 0 0 0 0 0 0 0
594 754 612 692 658 512 512 596 702 603 358 520 609 595 619 525 569 496 558 406 377 506 395 355 267 265 274 391 358 184 186 230 223 83 103 101 167 99 88 85 88 44 36 38 25 11 11 18 13 14 7 3 0 0 0 0 0 0 0 0 0 0 0 0 0 0 0 0 0 0 0 0 0 0 0 0 0 0 0 0 0 0 0 0 0 0 0 0 0 0 0 0 0 0 0 0
609 669 574 650 539 496 551 576 874 464 324 416 631 570 561 489 494 592 566 510 421 444 428 293 272 308 447 323 287 331 244 237 179 176 136 108 236 153 77 36 42 81 48 41 19 17 30 11 18 6 7 7 0 0 0 0 0 0 0 0 0 0 0 0 0 0 0 0 0 0 0 0 0 0 0 0 0 0 0 0 0 0 0 0 0 0 0 0 0 0 0 0 0 0 0 0
671 573 575 665 536 539 532 714 688 462 371 499 459 435 443 440 534 612 550 518 426 426 457 416 413 468 414 228 205 156 130 133 161 126 185 110 113 66 64 51 26 16 25 59 6 6 6 16 11 5 7 11 0 0 0 0 0 0 0 0 0 0 0 0 0 0 0 0 0 0 0 0 0 0 0 0 0 0 0 0 0 0 0 0 0 0 0 0 0 0 0 0 0 0 0 0
630 550 583 581 494 590 633 714 683 537 308 364 372 514 406 455 512 589 537 528 448 462 538 448 390 366 295 202 262 212 138 143 115 114 97 67 71 71 103 95 62 60 107 22 16 4 2 2 9 4 7 8 0 0 0 0 0 0 0 0 0 0 0 0 0 0 0 0 0 0 0 0 0 0 0 0 0 0 0 0 0 0 0 0 0 0 0 0 0 0 0 0 0 0 0 0
575 612 545 514 490 580 585 654 645 572 420 356 514 452 371 525 531 578 576 565 487 428 470 435 336 285 241 257 189 146 123 109 88 136 82 151 97 131 199 177 127 84 80 31 5 7 2 2 2 2 9 0 0 0 0 0 0 0 0 0 0 0 0 0 0 0 0 0 0 0 0 0 0 0 0 0 0 0 0 0 0 0 0 0 0 0 0 0 0 0 0 0 0 0 0 0
539 625 610 540 509 546 524 656 690 472 499 275 308 261 463 491 519 519 547 514 481 396 341 441 334 305 310 388 252 181 135 93 188 124 115 147 146 135 178 98 96 36 117 20 41 19 2 9 5 6 8 0 0 0 0 0 0 0 0 0 0 0 0 0 0 0 0 0 0 0 0 0 0 0 0 0 0 0 0 0 0 0 0 0 0 0 0 0 0 0 0 0 0 0 0 0
463 490 541 567 508 447 639 665 544 623 597 291 251 390 481 536 469 487 489 508 481 422 345 430 371 270 364 368 320 121 140 87 116 81 138 92 148 160 119 124 189 120 102 142 19 15 12 7 6 4 12 0 0 0 0 0 0 0 0 0 0 0 0 0 0 0 0 0 0 0 0 0 0 0 0 0 0 0 0 0 0 0 0 0 0 0 0 0 0 0 0 0 0 0 0 0
499 520 519 521 436 474 591 543 645 662 509 383 226 225 495 453 406 365 444 485 425 473 336 334 384 233 396 240 269 166 96 139 68 100 78 86 156 142 112 163 151 138 153 151 46 37 2 8 4 5 8 0 0 0 0 0 0 0 0 0 0 0 0 0 0 0 0 0 0 0 0 0 0 0 0 0 0 0 0 0 0 0 0 0 0 0 0 0 0 0 0 0 0 0 0 0
313 546 571 474 581 350 610 656 650 587 564 546 251 219 294 261 311 496 484 455 477 330 381 294 327 265 350 185 110 110 184 123 124 67 81 74 153 156 156 159 91 110 137 113 19 2 3 6 6 9 0 0 0 0 0 0 0 0 0 0 0 0 0 0 0 0 0 0 0 0 0 0 0 0 0 0 0 0 0 0 0 0 0 0 0 0 0 0 0 0 0 0 0 0 0 0
373 594 452 346 409 341 711 603 612 571 606 270 406 276 201 248 234 491 368 310 498 312 390 345 378 300 181 201 180 182 202 68 56 51 74 108 133 95 127 125 95 45 85 95 27 2 9 9 8 7 0 0 0 0 0 0 0 0 0 0 0 0 0 0 0 0 0 0 0 0 0 0 0 0 0 0 0 0 0 0 0 0 0 0 0 0 0 0 0 0 0 0 0 0 0 0
332 345 361 346 364 278 557 673 614 678 561 283 311 413 323 249 201 311 325 252 263 427 377 433 358 294 295 270 294 198 137 95 69 87 63 47 62 100 95 147 77 43 48 37 8 6 14 10 7 8 0 0 0 0 0 0 0 0 0 0 0 0 0 0 0 0 0 0 0 0 0 0 0 0 0 0 0 0 0 0 0 0 0 0 0 0 0 0 0 0 0 0 0 0 0 0
356 280 408 307 222 254 520 581 585 588 544 260 289 341 332 277 196 292 243 316 405 387 363 306 374 267 207 278 252 215 213 173 134 125 132 81 60 103 85 106 88 95 37 15 1 24 11 9 6 9 0 0 0 0 0 0 0 0 0 0 0 0 0 0 0 0 0 0 0 0 0 0 0 0 0 0 0 0 0 0 0 0 0 0 0 0 0 0 0 0 0 0 0 0 0 0
486 239 248 250 425 184 391 352 626 517 495 217 243 404 335 299 226 166 373 355 383 303 254 239 190 188 218 294 170 212 173 207 115 87 83 114 86 68 37 92 18 28 43 43 6 13 13 4 7 12 0 0 0 0 0 0 0 0 0 0 0 0 0 0 0 0 0 0 0 0 0 0 0 0 0 0 0 0 0 0 0 0 0 0 0 0 0 0 0 0 0 0 0 0 0 0
673 276 224 265 451 190 170 172 197 356 280 178 375 443 383 358 262 184 213 318 328 174 183 265 106 201 174 246 207 157 239 169 106 96 149 168 172 95 17 50 42 4 28 12 6 14 14 6 7 10 0 0 0 0 0 0 0 0 0 0 0 0 0 0 0 0 0 0 0 0 0 0 0 0 0 0 0 0 0 0 0 0 0 0 0 0 0 0 0 0 0 0 0 0 0 0
374 296 505 390 216 319 269 321 254 194 151 92 147 218 263 336 183 195 423 346 350 233 120 127 116 111 160 170 165 175 161 190 198 164 180 186 119 97 27 73 19 19 34 10 8 14 11 10 8 0 0 0 0 0 0 0 0 0 0 0 0 0 0 0 0 0 0 0 0 0 0 0 0 0 0 0 0 0 0 0 0 0 0 0 0 0 0 0 0 0 0 0 0 0 0 0
502 347 511 326 238 254 250 373 261 139 175 92 71 84 170 307 152 222 451 315 350 204 122 115 60 87 67 78 179 246 212 143 123 128 140 110 127 76 33 47 106 65 97 29 31 9 15 6 8 0 0 0 0 0 0 0 0 0 0 0 0 0 0 0 0 0 0 0 0 0 0 0 0 0 0 0 0 0 0 0 0 0 0 0 0 0 0 0 0 0 0 0 0 0 0 0
466 410 466 217 240 367 378 438 440 214 154 160 107 99 92 225 173 343 268 325 269 395 254 167 121 52 115 153 271 238 186 197 170 122 113 127 90 50 93 66 92 12 27 3 25 3 4 1 5 0 0 0 0 0 0 0 0 0 0 0 0 0 0 0 0 0 0 0 0 0 0 0 0 0 0 0 0 0 0 0 0 0 0 0 0 0 0 0 0 0 0 0 0 0 0 0
823 602 286 428 346 551 547 424 212 279 269 129 116 246 68 130 257 375 142 239 180 255 351 130 86 56 239 233 228 154 194 90 135 140 160 96 131 145 127 120 40 60 47 6 39 22 3 1 3 0 0 0 0 0 0 0 0 0 0 0 0 0 0 0 0 0 0 0 0 0 0 0 0 0 0 0 0 0 0 0 0 0 0 0 0 0 0 0 0 0 0 0 0 0 0 0
712 485 256 400 584 433 329 258 306 368 306 182 329 388 132 107 173 271 157 186 151 227 233 219 80 83 131 62 193 147 195 62 76 79 112 78 81 98 74 99 78 76 33 23 33 29 4 2 4 0 0 0 0 0 0 0 0 0 0 0 0 0 0 0 0 0 0 0 0 0 0 0 0 0 0 0 0 0 0 0 0 0 0 0 0 0 0 0 0 0 0 0 0 0 0 0
488 315 341 471 481 439 396 433 302 319 278 153 276 258 145 111 62 157 139 189 90 68 70 61 51 118 78 34 24 76 62 48 69 58 78 79 29 92 80 107 66 45 44 21 13 12 5 3 0 2 0 0 0 0 0 0 0 0 0 0 0 0 0 0 0 0 0 0 0 0 0 0 0 0 0 0 0 0 0 0 0 0 0 0 0 0 0 0 0 0 0 0 0 0 0 0
350 579 504 446 461 442 453 164 157 155 193 124 223 143 417 498 227 67 117 138 300 291 114 62 112 98 35 37 39 52 58 38 56 138 81 47 76 116 97 99 65 55 33 41 16 4 3 1 1 8 0 0 0 0 0 0 0 0 0 0 0 0 0 0 0 0 0 0 0 0 0 0 0 0 0 0 0 0 0 0 0 0 0 0 0 0 0 0 0 0 0 0 0 0 0 0
581 564 519 485 521 229 158 132 160 158 148 119 102 123 361 101 182 165 169 155 250 120 43 119 132 186 116 43 33 48 96 37 40 26 16 35 43 65 79 78 68 39 18 26 9 3 2 2 2 0 0 0 0 0 0 0 0 0 0 0 0 0 0 0 0 0 0 0 0 0 0 0 0 0 0 0 0 0 0 0 0 0 0 0 0 0 0 0 0 0 0 0 0 0 0 0
619 630 509 440 368 139 142 168 153 99 93 87 116 81 86 414 249 90 57 56 45 44 62 109 83 67 112 149 59 112 63 22 14 12 11 9 13 58 74 59 46 27 22 12 4 2 4 6 11 0 0 0 0 0 0 0 0 0 0 0 0 0 0 0 0 0 0 0 0 0 0 0 0 0 0 0 0 0 0 0 0 0 0 0 0 0 0 0 0 0 0 0 0 0 0 0
593 659 527 426 272 263 240 144 276 94 142 193 157 158 125 110 138 134 155 81 171 75 131 114 128 98 82 36 41 32 44 42 79 76 16 41 44 7 31 8 33 15 5 11 4 3 1 3 0 0 0 0 0 0 0 0 0 0 0 0 0 0 0 0 0 0 0 0 0 0 0 0 0 0 0 0 0 0 0 0 0 0 0 0 0 0 0 0 0 0 0 0 0 0 0 0
596 590 561 582 576 479 293 236 163 118 167 202 151 103 121 138 145 198 139 88 126 128 88 122 91 88 36 38 45 52 140 120 124 77 35 38 26 39 5 9 3 6 25 7 3 2 3 7 0 0 0 0 0 0 0 0 0 0 0 0 0 0 0 0 0 0 0 0 0 0 0 0 0 0 0 0 0 0 0 0 0 0 0 0 0 0 0 0 0 0 0 0 0 0 0 0
590 592 543 514 541 403 362 145 187 217 246 233 215 157 130 186 201 193 194 165 130 90 95 77 88 38 51 45 81 168 149 135 121 104 59 58 99 82 20 25 3 6 6 7 2 4 3 11 0 0 0 0 0 0 0 0 0 0 0 0 0 0 0 0 0 0 0 0 0 0 0 0 0 0 0 0 0 0 0 0 0 0 0 0 0 0 0 0 0 0 0 0 0 0 0 0
536 586 420 402 254 152 290 138 147 180 323 338 251 134 259 280 175 166 136 117 97 114 103 73 72 69 57 168 171 152 111 138 99 85 106 61 71 61 47 26 5 18 2 1 2 3 2 0 0 0 0 0 0 0 0 0 0 0 0 0 0 0 0 0 0 0 0 0 0 0 0 0 0 0 0 0 0 0 0 0 0 0 0 0 0 0 0 0 0 0 0 0 0 0 0 0
328 530 234 189 277 181 138 139 148 278 271 380 254 145 393 268 150 142 126 167 115 129 101 109 68 80 94 192 160 104 92 106 70 70 47 41 19 56 80 24 7 17 6 1 0 1 2 0 0 0 0 0 0 0 0 0 0 0 0 0 0 0 0 0 0 0 0 0 0 0 0 0 0 0 0 0 0 0 0 0 0 0 0 0 0 0 0 0 0 0 0 0 0 0 0 0
272 339 307 483 467 325 207 139 181 236 257 338 278 321 347 286 186 136 160 186 128 139 125 109 68 91 142 124 114 75 57 58 68 43 67 58 27 34 29 7 7 13 5 7 0 0 0 0 0 0 0 0 0 0 0 0 0 0 0 0 0 0 0 0 0 0 0 0 0 0 0 0 0 0 0 0 0 0 0 0 0 0 0 0 0 0 0 0 0 0 0 0 0 0 0 0
221 290 441 523 496 223 251 147 198 266 430 413 334 391 261 233 200 187 268 119 142 128 111 161 144 139 121 94 78 70 86 78 93 72 43 21 18 12 22 8 24 7 2 2 3 0 0 0 0 0 0 0 0 0 0 0 0 0 0 0 0 0 0 0 0 0 0 0 0 0 0 0 0 0 0 0 0 0 0 0 0 0 0 0 0 0 0 0 0 0 0 0 0 0 0 0
378 559 432 501 384 331 253 190 255 444 353 301 402 342 250 199 253 204 182 147 148 166 163 146 144 122 129 71 106 61 79 63 71 62 58 19 39 17 2 4 27 10 2 3 5 0 0 0 0 0 0 0 0 0 0 0 0 0 0 0 0 0 0 0 0 0 0 0 0 0 0 0 0 0 0 0 0 0 0 0 0 0 0 0 0 0 0 0 0 0 0 0 0 0 0 0
582 567 509 559 468 539 298 191 292 304 360 273 376 291 350 302 177 196 145 149 203 137 118 135 150 120 100 93 84 51 74 59 48 53 48 47 45 11 3 6 18 3 8 13 9 0 0 0 0 0 0 0 0 0 0 0 0 0 0 0 0 0 0 0 0 0 0 0 0 0 0 0 0 0 0 0 0 0 0 0 0 0 0 0 0 0 0 0 0 0 0 0 0 0 0 0
568 528 500 511 445 235 351 217 241 202 289 280 180 170 258 161 138 147 140 106 156 117 118 149 126 104 87 93 60 55 58 61 67 66 32 47 29 12 4 15 10 4 9 8 0 0 0 0 0 0 0 0 0 0 0 0 0 0 0 0 0 0 0 0 0 0 0 0 0 0 0 0 0 0 0 0 0 0 0 0 0 0 0 0 0 0 0 0 0 0 0 0 0 0 0 0
509 524 535 506 492 178 321 212 213 212 309 264 231 169 190 172 147 134 165 110 104 95 101 125 131 94 90 49 64 46 57 44 66 57 46 58 20 4 14 31 6 9 15 10 0 0 0 0 0 0 0 0 0 0 0 0 0 0 0 0 0 0 0 0 0 0 0 0 0 0 0 0 0 0 0 0 0 0 0 0 0 0 0 0 0 0 0 0 0 0 0 0 0 0 0 0
584 445 421 382 463 158 339 199 257 234 242 225 176 204 139 142 127 125 142 109 93 88 102 139 93 86 67 52 74 45 30 50 62 77 30 17 13 19 34 12 6 13 12 9 0 0 0 0 0 0 0 0 0 0 0 0 0 0 0 0 0 0 0 0 0 0 0 0 0 0 0 0 0 0 0 0 0 0 0 0 0 0 0 0 0 0 0 0 0 0 0 0 0 0 0 0
