geoid/ascii _raster_file/srtm1km.asc
ncols        921
nrows        1647
xllcorner    41.599583333024
yllcorner    -26.241393729408
dx           0.009999999996
dy           0.009998031104
[rows 1127 to 1175 of 1647, columns 384 to 479 of 921]
639 712 724 739 746 774 791 696 656 623 590 602 591 550 517 492 471 455 443 430 420 409 398 393 382 396 395 376 362 358 366 446 397 576 667 756 624 518 628 605 475 453 490 577 554 719 828 765 658 574 553 599 573 553 583 722 675 750 647 662 627 738 601 745 775 771 839 770 663 682 686 679 593 622 646 731 724 867 774 710 772 792 700 826 996 818 730 712 701 699 707 696 675 714 739 718
649 673 661 650 718 725 723 746 579 624 556 534 549 519 512 483 464 451 438 424 415 409 397 379 376 404 400 377 357 356 367 361 611 690 655 712 670 551 597 544 455 502 536 560 601 893 750 713 703 721 588 637 588 562 567 782 654 656 652 690 682 660 615 652 781 769 751 681 629 643 699 644 598 612 628 671 772 852 806 716 949 892 710 717 741 797 786 757 707 730 719 679 681 706 706 732
799 673 656 626 682 584 618 602 586 590 546 556 502 516 497 479 458 439 433 420 404 399 392 378 373 395 409 465 370 357 357 380 577 572 649 692 764 595 589 562 472 532 555 580 701 909 977 814 806 830 597 673 704 569 605 568 597 622 640 640 677 756 672 607 701 809 842 676 692 641 694 668 598 647 653 678 847 757 952 754 888 747 797 897 752 845 792 753 759 715 701 724 718 718 724 745
694 673 624 672 565 548 583 564 527 501 520 528 516 477 474 442 439 424 420 409 399 391 382 367 369 396 420 508 364 345 347 493 565 646 636 657 695 761 677 600 490 537 568 695 662 886 924 887 958 788 677 744 682 602 672 634 577 723 665 662 725 905 719 690 732 756 707 761 725 674 651 722 650 656 659 664 685 805 944 878 1016 880 758 879 940 815 785 749 759 770 742 703 710 751 782 837
673 642 593 575 535 527 536 508 494 515 482 503 485 469 453 448 427 414 414 400 388 376 374 370 370 365 362 376 368 346 355 480 559 686 777 714 679 708 689 594 514 585 585 756 758 805 814 903 850 750 683 751 698 596 685 712 621 637 736 633 809 948 730 799 794 881 701 846 806 726 813 690 652 690 696 636 724 876 770 969 1004 855 851 926 881 835 780 791 800 784 744 743 722 743 822 887
694 682 587 568 561 514 503 506 481 475 468 477 454 447 431 435 423 414 400 388 386 379 381 364 368 389 358 365 372 344 354 456 545 610 645 767 709 665 731 607 567 577 591 692 791 669 801 913 893 697 661 707 754 625 696 775 684 723 816 770 675 1012 908 858 1056 964 849 880 897 743 721 691 662 667 687 680 682 787 785 885 964 845 877 983 981 1001 808 801 866 814 773 767 756 746 755 770
638 656 627 567 517 524 503 485 481 475 451 439 437 434 427 407 407 397 400 387 387 376 365 378 392 424 379 357 357 348 349 457 544 677 614 688 645 698 694 605 587 659 613 713 724 658 738 791 775 674 672 721 797 713 607 808 833 793 799 1082 1001 837 1177 1178 1068 1186 1174 1074 857 754 795 687 709 678 686 739 894 840 864 951 998 948 924 944 1074 1076 1038 1073 892 953 838 772 902 787 805 877
575 616 590 539 520 503 491 501 494 507 471 461 444 427 433 418 411 395 392 381 375 372 378 389 423 439 376 389 351 348 357 408 525 590 599 639 690 705 715 609 593 659 672 647 751 616 720 788 750 639 667 709 759 800 639 778 829 938 900 978 1008 983 912 1084 1085 1150 1215 1163 815 806 806 718 841 676 908 878 901 806 883 938 1087 1010 952 966 1042 1185 1104 1143 1100 978 945 767 807 834 776 812
561 565 548 540 506 499 476 508 484 508 510 466 440 426 419 417 407 402 397 389 377 371 390 407 445 438 365 366 362 346 346 450 561 568 612 660 682 693 744 694 611 638 729 620 607 668 630 636 619 658 682 691 669 715 720 803 891 852 812 948 931 1012 830 1011 1126 1176 1235 1125 791 967 838 888 1016 764 737 767 887 796 807 908 1048 1004 1016 1065 1054 1178 1146 1147 1041 997 886 823 789 858 774 995
539 523 510 508 506 484 475 489 466 451 458 458 439 431 420 413 411 407 404 396 390 380 400 432 449 464 404 402 373 358 344 406 580 564 606 672 785 672 727 649 636 818 674 603 585 640 632 638 631 625 659 656 650 669 670 681 703 825 844 878 898 1005 1018 739 1023 1133 1162 1068 950 915 862 849 837 844 709 763 880 915 789 943 994 1008 1154 1147 1052 1165 1210 1174 1033 923 921 862 844 864 903 847
540 532 540 504 493 508 503 495 499 484 439 433 426 417 412 408 406 398 389 384 382 377 411 431 473 488 452 389 372 363 342 370 511 547 585 729 766 581 697 594 676 803 604 598 638 698 655 680 654 666 656 647 676 689 661 668 691 812 822 832 922 1017 960 756 898 1066 1135 1042 922 849 832 903 765 706 721 779 846 969 746 827 923 947 1060 1080 1015 1181 1161 1176 1108 1054 1024 903 825 929 1008 885
462 492 520 458 439 479 466 514 510 482 457 450 439 423 485 411 407 402 389 395 381 386 411 464 470 512 468 394 372 349 342 355 476 472 571 654 641 534 628 626 639 661 554 620 678 716 748 711 718 719 678 667 679 666 680 672 691 743 810 832 933 969 978 733 684 915 980 885 811 829 813 858 903 710 716 742 811 882 734 777 893 910 1090 996 994 1090 1217 1125 1148 1098 1098 894 880 969 992 902
442 419 453 484 453 433 463 510 478 490 486 437 432 425 521 440 406 400 409 388 385 387 423 463 483 531 453 380 385 379 348 344 430 509 535 596 609 509 528 570 563 610 571 578 610 592 667 652 671 673 687 723 679 685 676 700 695 835 868 851 902 911 770 727 694 739 754 820 713 743 742 701 765 700 754 799 837 770 729 731 846 895 891 982 1096 1208 1193 1246 1097 1104 1102 1047 1069 1000 1121 944
465 410 423 461 439 452 434 486 512 515 453 445 449 430 661 446 450 412 412 393 391 401 453 502 511 517 436 377 372 386 362 341 361 482 418 460 540 521 522 713 562 556 599 616 631 642 659 672 711 706 687 730 723 688 713 718 736 759 888 954 894 939 725 731 698 706 761 749 702 735 738 697 751 688 750 743 839 771 717 765 759 796 910 966 1109 1191 1136 1191 1086 1011 1072 1127 1004 976 1165 1097
449 413 439 407 445 398 431 442 497 494 449 440 461 438 661 470 460 423 402 393 407 420 471 520 480 493 421 391 393 360 339 340 340 446 500 504 557 520 563 771 568 606 557 671 660 736 631 680 693 722 710 746 714 761 740 819 883 722 877 1017 949 893 677 676 663 701 833 708 703 711 729 693 730 693 736 725 737 738 777 788 768 841 1026 1055 1140 1103 1103 1159 1090 968 1068 1141 1093 944 1117 1031
427 422 390 396 404 410 405 471 496 483 427 423 422 421 684 529 503 468 421 410 404 433 543 509 391 465 462 415 378 401 369 340 347 406 512 552 544 555 595 663 654 628 747 649 687 680 779 742 794 717 724 760 777 776 971 997 1073 767 809 1070 1050 908 707 689 662 668 794 746 721 676 730 681 671 709 736 716 701 756 738 730 800 825 1029 1170 1102 938 1021 1072 999 899 1116 1138 1020 909 1055 1117
417 417 399 385 378 434 451 433 509 415 326 333 392 352 584 546 543 575 454 418 416 447 608 554 449 385 453 425 363 391 367 337 340 396 511 546 635 554 702 657 656 645 787 613 677 849 869 864 769 758 752 758 890 999 1011 1070 1007 769 953 1114 1059 823 758 689 634 682 742 932 726 696 691 689 674 726 723 704 704 718 714 756 763 895 1008 984 981 987 849 824 848 983 1071 1098 1054 873 1017 1101
437 394 379 376 371 392 450 476 470 369 320 310 315 341 477 560 572 606 462 423 429 465 548 485 380 359 434 422 362 383 364 352 343 423 553 591 587 583 729 696 668 732 783 725 724 787 754 674 720 792 756 756 882 1070 1116 1173 1002 711 873 969 962 695 657 680 631 674 704 835 817 706 671 689 667 698 694 702 705 737 723 764 779 821 821 914 824 844 807 762 936 1090 1032 979 906 857 892 885
438 385 378 368 378 396 369 378 411 429 333 307 310 339 498 554 550 591 602 469 462 509 448 433 357 348 414 381 352 352 383 338 432 444 435 561 603 617 612 724 667 749 721 697 692 714 689 657 685 767 766 718 812 1078 1167 1158 981 720 780 728 959 718 667 645 625 671 658 671 707 797 674 652 677 660 666 719 689 736 701 744 730 828 826 695 805 768 726 732 830 836 933 889 854 1023 1080 1027
430 412 381 359 396 394 379 338 376 380 334 294 294 350 425 529 533 617 589 472 474 472 453 383 354 345 385 338 353 346 357 344 452 493 551 537 576 687 640 660 678 865 694 680 649 655 680 645 686 750 705 696 833 1097 1044 865 863 717 697 747 759 879 817 674 631 656 646 673 681 683 697 684 651 660 672 701 694 706 678 707 753 723 761 720 767 718 699 713 719 946 937 838 944 991 1069 1040
415 376 357 385 388 347 318 327 314 337 297 291 287 365 429 526 549 601 626 477 486 452 437 436 349 337 337 336 336 334 339 343 544 621 521 692 658 589 614 626 670 734 690 685 674 641 680 649 634 724 714 692 728 989 1040 950 884 662 665 678 687 750 674 650 640 645 635 648 635 668 668 693 660 662 655 676 690 708 675 716 713 711 705 710 668 674 710 693 869 922 817 829 883 866 1041 1090
388 387 388 358 329 320 308 321 309 299 283 280 292 388 463 544 572 580 613 501 448 363 433 444 338 331 340 332 334 347 350 360 444 693 742 558 708 617 609 636 803 711 687 655 662 636 638 642 630 710 678 708 753 838 849 1035 814 708 636 683 668 784 733 668 627 616 618 635 642 649 663 662 648 664 664 669 675 690 661 698 672 683 675 667 696 679 684 737 736 723 739 931 972 1053 1047 1049
356 360 348 362 335 331 305 293 307 293 284 274 308 410 465 551 557 527 628 433 386 338 375 411 327 328 342 339 349 352 358 360 456 668 892 760 675 605 649 644 728 688 653 642 658 622 636 666 608 613 724 747 876 848 801 1074 868 640 647 637 671 709 640 635 616 642 649 644 620 626 655 637 652 654 644 675 670 668 661 680 662 673 670 658 662 690 683 710 696 712 963 903 937 1148 1154 1143
368 363 353 356 324 321 322 295 297 297 287 268 320 406 460 564 546 541 628 422 389 327 402 340 331 331 343 336 357 352 363 383 563 602 749 880 664 605 627 704 712 682 688 651 665 638 617 634 619 617 685 685 800 761 699 867 917 657 641 652 792 746 627 615 628 635 642 660 637 637 643 643 731 656 653 702 649 655 688 680 654 677 690 676 665 669 697 706 719 736 921 756 1041 1046 1072 1007
343 325 324 328 313 307 308 299 279 282 269 272 361 439 487 587 565 595 533 327 495 327 376 343 345 350 359 435 347 391 412 537 566 774 750 721 693 634 691 724 690 672 703 678 767 724 620 635 609 624 640 696 833 763 644 708 843 638 609 617 633 644 648 615 619 616 619 633 652 668 660 704 709 656 674 821 674 665 653 654 669 667 693 694 699 684 684 717 690 673 815 750 924 856 956 869
346 328 328 305 319 307 298 292 287 280 274 302 393 476 526 580 470 565 369 481 493 359 342 350 348 354 373 568 449 492 484 639 738 831 737 797 717 715 758 691 693 694 744 714 793 691 618 613 597 601 616 616 676 835 687 609 624 610 603 618 607 611 610 609 616 635 641 623 632 658 667 719 706 670 725 789 778 717 687 659 676 686 704 720 719 684 668 699 692 691 673 683 683 698 718 722
325 384 297 303 304 302 294 285 284 268 261 315 411 502 504 485 598 551 404 697 588 424 347 392 428 430 431 464 567 475 619 642 677 750 731 726 692 847 733 702 705 711 758 691 920 703 630 630 592 601 597 606 619 686 621 599 603 613 623 610 621 609 622 623 623 638 663 631 628 651 671 685 726 659 705 782 774 729 681 682 703 693 686 708 770 716 662 666 695 699 738 795 684 677 718 727
290 278 274 292 293 289 261 270 274 269 266 337 394 532 285 325 298 324 413 665 637 583 505 531 637 732 585 515 625 516 526 679 632 788 674 799 892 661 686 715 682 728 661 667 687 634 624 595 595 620 606 617 600 592 603 603 760 644 648 628 631 652 642 642 634 636 650 713 633 643 670 687 737 673 722 862 728 714 705 667 671 697 723 711 734 709 689 695 698 702 711 745 701 682 704 701
371 300 289 269 283 283 259 261 256 257 279 344 400 534 337 573 627 631 541 638 569 504 503 638 551 605 598 600 648 529 614 629 687 642 694 886 900 669 619 620 710 671 623 697 653 607 590 601 605 629 607 630 608 627 618 614 613 635 697 635 653 695 637 679 662 662 660 635 647 634 654 665 729 707 703 829 732 766 700 669 694 698 714 752 759 714 696 703 708 694 733 866 717 679 708 736
314 306 325 258 277 273 268 259 249 250 287 363 414 388 419 527 673 691 719 627 659 575 607 677 616 627 627 657 593 555 598 733 681 704 727 745 776 634 609 639 658 635 650 683 630 578 622 593 609 635 609 630 626 650 651 630 623 611 704 668 663 676 673 705 894 678 657 640 657 666 640 653 693 723 739 795 877 729 693 689 682 695 706 762 751 712 712 731 694 725 723 757 712 681 713 703
338 329 264 251 273 265 258 250 244 241 293 377 451 397 502 480 538 639 722 702 647 717 618 704 748 666 673 722 760 640 661 631 643 811 745 711 710 634 602 660 627 618 718 686 636 575 630 615 618 637 616 635 659 669 710 673 634 619 626 656 644 645 653 645 662 690 666 668 666 681 647 697 754 747 742 767 909 741 713 690 679 708 705 735 752 821 837 789 708 759 725 704 700 707 691 706
304 259 253 262 245 262 258 248 236 234 310 414 524 517 339 636 666 638 612 719 684 725 644 640 671 774 670 749 746 768 691 628 693 707 812 694 662 624 604 645 614 752 731 664 586 591 659 637 608 627 637 629 659 683 701 737 763 640 613 636 626 653 665 675 671 687 658 734 654 686 653 669 712 751 812 744 888 749 703 684 694 689 794 767 770 880 834 746 729 748 737 729 710 694 699 723
330 254 243 251 234 257 251 238 233 248 331 447 568 320 392 546 587 667 826 722 751 730 777 652 640 717 762 771 734 896 683 669 652 730 741 643 640 605 575 631 616 673 694 633 571 657 678 645 621 677 649 651 646 669 689 728 749 680 631 628 643 638 642 670 698 705 690 767 672 681 660 688 671 751 846 782 737 705 682 697 707 688 705 745 753 755 791 748 758 757 750 742 721 701 714 721
322 249 246 232 226 243 237 236 236 274 400 527 514 387 598 585 592 647 698 788 922 743 782 731 671 694 725 787 782 824 870 732 709 761 677 635 607 597 582 606 645 581 600 593 582 588 701 648 641 692 655 658 659 680 693 699 803 770 643 622 622 649 648 659 687 699 816 729 686 689 672 731 701 779 729 888 778 688 719 713 687 696 707 702 712 968 1125 1056 760 868 750 749 733 708 716 720
279 262 257 239 232 221 221 228 225 295 439 499 555 248 497 560 599 712 734 787 748 874 813 800 743 866 754 788 795 845 910 841 816 801 653 782 604 600 569 611 616 610 565 581 580 598 663 636 641 672 655 660 649 663 665 687 730 727 656 645 622 625 649 677 697 726 814 767 838 756 697 741 736 744 710 812 715 719 710 726 701 713 697 979 860 1179 1155 1308 873 877 781 762 729 688 832 742
289 284 273 243 246 224 216 216 236 323 471 485 277 390 574 370 492 317 451 653 771 789 800 724 826 946 782 731 749 809 827 985 1033 838 669 611 602 586 558 576 601 594 593 564 577 602 614 627 625 642 643 640 660 664 654 684 702 769 671 653 642 646 631 662 700 689 762 859 864 721 699 788 798 775 727 755 700 750 748 797 715 729 707 970 1130 1155 1301 1238 876 820 850 756 720 716 716 740
324 233 229 255 225 221 214 237 336 422 505 545 518 413 395 383 625 528 493 743 704 730 588 673 861 1043 826 740 756 776 773 818 855 888 822 655 578 581 556 567 569 598 580 553 617 599 635 646 653 646 646 668 689 693 679 686 689 723 678 650 639 661 635 657 670 700 725 843 931 732 683 765 829 784 790 706 740 828 865 793 752 735 707 788 1077 1220 1302 1158 882 838 779 742 733 729 731 742
256 239 204 225 209 219 221 276 410 452 609 459 253 424 473 527 592 572 415 704 696 710 577 478 632 768 839 706 755 675 741 742 880 826 908 694 619 554 555 560 559 570 560 565 582 632 624 656 663 650 663 676 694 730 717 681 688 717 685 651 649 666 651 657 700 771 781 1009 965 761 665 812 811 811 931 721 842 933 795 742 751 733 701 717 984 1132 1235 954 841 830 744 752 733 734 733 778
247 214 202 200 205 215 259 316 427 487 551 405 314 287 468 463 657 660 408 392 615 687 403 541 423 660 741 690 797 607 723 635 807 790 935 726 614 568 545 538 545 551 560 574 579 581 628 659 703 685 675 703 762 780 721 689 682 719 680 649 662 662 664 669 685 814 766 899 971 775 669 783 800 877 881 769 726 824 776 755 762 725 708 730 903 1028 997 971 850 796 837 751 753 730 730 765
282 252 201 197 206 265 315 438 490 518 305 272 403 436 458 461 605 692 565 424 401 560 746 592 525 523 678 610 586 502 523 527 573 648 677 704 575 535 567 578 554 580 564 565 578 579 603 620 687 664 819 754 800 786 743 713 686 721 720 677 699 667 679 681 735 775 893 830 755 736 684 777 776 879 884 797 736 738 772 770 758 756 740 719 744 866 997 1090 869 882 798 778 754 749 732 764
263 204 195 198 253 277 203 341 456 262 220 358 427 533 559 497 680 641 612 584 759 538 759 664 500 574 643 615 532 596 582 616 651 534 539 540 622 654 562 590 568 591 565 572 568 591 600 603 650 646 736 697 699 751 725 696 690 718 706 685 866 684 686 714 745 753 791 873 799 786 705 819 833 911 953 793 785 746 790 784 774 764 869 747 753 925 1059 1058 916 851 803 763 760 776 736 753
202 199 194 199 246 312 426 496 312 239 361 468 509 517 632 526 692 706 665 637 770 629 697 730 587 449 491 529 499 593 747 778 648 567 750 605 763 623 576 579 580 575 587 585 571 608 601 603 628 623 640 671 718 734 755 702 697 727 717 738 825 697 673 744 722 738 742 800 816 820 712 799 847 867 825 733 754 748 768 924 829 769 908 756 815 997 1060 1098 1032 956 833 792 773 739 749 761
200 224 211 203 289 361 471 531 542 320 483 521 516 529 672 553 653 791 733 737 753 707 659 610 594 531 525 694 546 571 759 840 646 613 747 664 772 758 623 597 588 622 607 608 580 595 578 598 606 613 632 682 805 746 760 722 716 738 826 706 765 713 679 766 729 735 739 799 820 830 795 847 846 950 1059 762 755 753 829 1041 850 880 807 756 967 1212 1076 1078 1141 906 801 789 759 745 805 809
194 209 202 229 320 408 402 528 564 541 482 571 501 551 584 710 699 816 740 755 763 785 742 660 574 593 507 710 658 545 667 858 731 764 710 688 759 855 739 625 608 621 625 623 601 603 586 598 604 616 628 654 688 729 770 740 735 728 807 724 789 716 687 707 810 742 775 804 812 810 882 839 871 1069 1143 972 782 838 917 1069 936 987 774 855 1126 1177 1076 1106 1024 935 872 770 748 811 907 858
197 207 200 259 320 425 514 519 540 557 495 528 545 574 624 679 720 764 757 781 815 782 694 647 558 562 548 571 800 568 617 850 809 731 731 728 802 824 701 651 621 616 646 652 617 611 600 616 602 624 632 649 714 730 762 752 752 740 782 739 744 702 686 692 734 772 752 773 810 885 901 851 873 1036 1132 1137 869 1004 971 1044 947 808 793 1074 1293 1111 1128 1038 853 808 784 761 770 886 752 770
194 193 217 307 375 492 499 571 594 575 534 492 530 586 627 734 743 784 810 802 826 816 702 690 669 591 645 641 757 584 701 737 903 763 784 773 844 940 862 666 640 640 633 707 629 628 621 614 632 625 632 648 707 757 763 760 774 743 756 728 714 705 708 708 723 768 782 794 889 881 905 880 910 968 952 1151 883 937 944 961 809 797 955 920 1052 1084 977 919 829 792 787 796 789 903 773 759
192 198 224 274 384 448 538 641 677 633 555 506 544 580 615 613 684 777 784 821 825 808 739 720 704 661 687 701 714 608 770 813 865 759 762 807 832 908 856 810 661 649 633 684 662 657 636 640 635 621 646 644 684 749 806 772 780 752 773 729 722 706 733 730 781 785 819 829 1028 968 839 840 845 937 901 1028 862 915 943 893 789 825 873 1018 894 943 905 913 888 801 816 812 860 799 797 769
193 207 236 321 405 514 477 594 632 603 538 518 558 596 602 652 635 699 741 837 847 811 785 768 753 698 716 819 633 685 784 837 821 854 795 808 848 901 887 1050 758 647 638 799 703 729 661 657 651 628 670 655 738 793 822 787 788 781 760 721 712 733 784 718 772 820 839 880 970 849 828 858 811 837 840 871 865 919 941 861 827 867 923 877 892 874 877 918 846 852 847 976 843 825 828 777
195 250 315 323 353 497 540 587 734 593 536 549 593 598 621 734 770 758 767 822 847 882 871 788 793 700 786 749 715 747 786 861 855 918 844 798 833 1028 973 1015 819 684 682 702 873 865 668 841 671 647 663 684 691 832 946 839 848 820 772 748 726 759 790 739 736 814 853 909 896 801 821 814 801 782 835 838 900 904 958 839 867 865 874 855 860 852 905 1004 964 983 994 1014 905 872 892 821
