geoid/ascii _raster_file/srtm1km.asc
ncols        921
nrows        1647
xllcorner    41.599583333024
yllcorner    -26.241393729408
dx           0.009999999996
dy           0.009998031104
[rows 539 to 587 of 1647, columns 480 to 575 of 921]
0 0 0 0 0 0 0 0 0 0 0 0 0 0 0 0 0 0 0 0 0 0 0 0 0 0 0 0 0 0 0 0 0 0 0 0 0 0 0 0 0 0 0 0 0 0 0 0 0 0 0 0 0 0 0 0 0 0 0 0 0 0 0 0 0 0 55 73 52 62 47 21 36 40 58 67 80 71 35 29 31 60 62 52 35 44 58 98 87 108 70 64 57 46 57 84
0 0 0 0 0 0 0 0 0 0 0 0 0 0 0 0 0 0 0 0 0 0 0 0 0 0 0 0 0 0 0 0 0 0 0 0 0 0 0 0 0 0 0 0 0 0 0 0 0 0 0 0 0 0 0 0 0 0 0 0 0 0 0 0 0 49 49 63 89 70 46 43 51 64 67 74 81 87 55 45 38 55 71 80 55 56 84 70 97 71 79 76 99 85 74 71
0 0 0 0 0 0 0 0 0 0 0 0 0 0 0 0 0 0 0 0 0 0 0 0 0 0 0 0 0 0 0 0 0 0 0 0 0 0 0 0 0 0 0 0 0 0 0 0 0 0 0 0 0 0 0 0 0 0 0 0 0 0 0 0 0 53 70 83 93 86 74 46 57 68 60 73 123 89 52 46 50 80 76 46 76 78 52 72 78 77 61 70 82 104 75 83
0 0 0 0 0 0 0 0 0 0 0 0 0 0 0 0 0 0 0 0 0 0 0 0 0 0 0 0 0 0 0 0 0 0 0 0 0 0 0 0 0 0 0 0 0 0 0 0 0 0 0 0 0 0 0 0 0 0 0 0 0 0 0 0 21 51 76 96 106 54 62 42 74 68 93 96 97 72 51 56 59 71 87 59 86 53 85 78 72 67 80 98 50 84 51 44
0 0 0 0 0 0 0 0 0 0 0 0 0 0 0 0 0 0 0 0 0 0 0 0 0 0 0 0 0 0 0 0 0 0 0 0 0 0 0 0 0 0 0 0 0 0 0 0 0 0 0 0 69 69 51 44 0 0 0 0 0 0 0 0 0 60 70 79 54 46 48 60 86 100 137 79 73 72 52 62 67 72 65 71 61 90 81 93 82 87 61 65 80 74 49 32
0 0 0 0 0 0 0 0 0 0 0 0 0 0 0 0 0 0 0 0 0 0 0 0 0 0 0 0 0 0 0 0 0 0 0 0 0 0 0 0 0 0 0 0 0 0 0 0 0 0 40 54 112 80 93 81 13 0 0 0 0 0 0 0 33 57 71 74 42 40 46 58 87 105 74 72 77 71 61 70 87 61 72 69 81 99 92 88 90 91 81 81 112 75 47 43
0 0 0 0 0 0 0 0 0 0 0 0 0 0 0 0 0 0 0 0 0 0 0 0 0 0 0 0 0 0 0 0 0 0 0 0 0 0 0 0 0 0 0 0 0 0 0 0 15 42 98 108 111 105 93 23 13 0 0 0 0 0 0 0 0 51 60 68 47 35 67 46 81 74 50 82 90 93 85 86 90 50 89 101 101 74 75 78 71 88 85 94 123 108 74 36
0 0 0 0 0 0 0 0 0 0 0 0 0 0 0 0 0 0 0 0 0 0 0 0 0 0 0 0 0 0 0 0 0 0 0 0 0 0 0 0 0 0 0 0 0 0 8 30 63 77 86 109 130 131 87 34 0 0 0 0 0 0 0 0 0 0 25 26 26 46 34 50 43 67 77 76 71 87 95 108 79 46 61 85 73 81 68 50 49 49 99 110 110 117 50 35
0 0 0 0 0 0 0 0 0 0 0 0 0 0 0 0 0 0 0 0 0 0 0 0 0 0 0 0 0 0 0 0 0 0 0 0 0 0 0 0 0 0 0 0 0 23 17 26 59 72 84 100 112 88 34 57 0 0 0 0 0 0 0 0 0 0 0 16 33 59 55 61 44 40 76 56 65 101 116 61 36 45 68 76 77 88 75 80 88 59 101 104 60 58 40 38
0 0 0 0 0 0 0 0 0 0 0 0 0 0 0 0 0 0 0 0 0 0 0 0 0 0 0 0 0 0 0 0 0 0 0 0 0 0 0 0 0 0 0 0 8 16 21 27 33 65 89 93 75 51 27 49 0 0 0 0 0 0 0 0 0 0 0 29 33 42 6 14 36 41 49 55 80 96 45 38 37 62 95 85 92 83 75 67 62 64 47 50 36 38 34 56
0 0 0 0 0 0 0 0 0 0 0 0 0 0 0 0 0 0 0 0 0 0 0 0 0 0 0 0 0 0 0 0 0 0 0 0 0 0 0 0 0 0 9 12 18 25 17 25 21 41 53 66 40 19 8 19 11 0 0 0 0 0 0 0 0 0 0 17 12 0 12 25 34 34 39 100 28 21 13 44 35 56 55 90 92 86 93 84 82 104 99 57 49 36 37 41
0 0 0 0 0 0 0 0 0 0 0 0 0 0 0 0 0 0 0 0 0 0 0 0 0 0 0 0 0 0 0 0 0 0 0 0 0 0 0 0 0 19 10 31 29 41 38 35 30 34 48 57 29 18 16 8 0 0 0 0 0 0 0 0 0 0 0 0 0 3 11 22 32 34 66 17 22 22 35 52 37 60 67 69 69 91 96 96 100 129 90 67 34 44 64 52
0 0 0 0 0 0 0 0 0 0 0 0 0 0 0 0 0 0 0 0 0 0 0 0 0 0 0 0 0 0 0 0 0 0 0 0 0 0 0 0 24 20 6 8 11 14 44 27 53 61 69 60 46 31 24 56 7 0 0 0 0 0 0 0 0 0 0 0 0 8 9 18 33 48 32 7 7 10 55 47 47 60 66 73 81 74 71 112 117 128 115 29 18 44 31 22
0 0 0 0 0 0 0 0 0 0 0 0 0 0 0 0 0 0 0 0 0 0 0 0 0 0 0 0 0 0 0 0 0 0 0 0 0 0 24 18 27 35 20 34 26 27 28 41 48 78 77 75 15 14 49 48 4 61 54 28 0 0 0 0 0 0 0 0 0 1 19 39 26 0 0 7 11 13 21 19 43 65 66 84 65 94 84 49 74 76 30 19 12 37 23 12
0 0 0 0 0 0 0 0 0 0 0 0 0 0 0 0 0 0 0 0 0 0 0 0 0 0 0 0 0 0 0 0 0 0 0 0 0 16 19 31 51 52 31 29 46 50 70 29 79 93 104 90 56 37 59 50 44 59 89 68 48 0 0 0 0 0 0 0 4 23 41 64 0 0 0 10 12 7 35 61 73 57 74 66 76 94 102 82 25 31 26 15 14 8 7 6
0 0 0 0 0 0 0 0 0 0 0 0 0 0 0 0 0 0 0 0 0 0 0 0 0 0 0 0 0 0 0 0 0 0 0 0 39 40 47 68 62 52 17 50 15 73 80 77 53 88 105 98 67 52 117 77 33 16 40 93 64 62 61 7 21 0 0 0 0 0 0 0 0 0 0 8 44 48 60 52 55 56 80 57 88 105 119 72 42 13 32 24 19 7 7 7
0 0 0 0 0 0 0 0 0 0 0 0 0 0 0 0 0 0 0 0 0 0 0 0 0 0 0 0 0 0 0 0 0 0 0 20 48 70 82 82 71 55 15 53 57 73 97 93 86 75 101 128 100 125 121 68 27 36 95 76 67 87 93 26 15 0 0 0 0 0 0 0 0 0 0 21 46 61 52 56 40 65 43 52 81 121 111 48 26 12 7 8 7 7 5 9
0 0 0 0 0 0 0 0 0 0 0 0 0 0 0 0 0 0 0 0 0 0 0 0 0 0 0 0 0 0 0 0 0 5 24 10 36 21 66 95 78 67 20 56 74 39 69 106 102 106 101 113 133 146 134 59 32 82 95 91 79 67 36 15 31 11 6 0 0 0 0 0 0 0 0 17 46 29 72 85 39 27 61 59 90 145 118 34 16 8 6 6 6 9 0 5
0 0 0 0 0 0 0 0 0 0 0 0 0 0 0 0 0 0 0 0 0 0 0 0 0 0 0 0 0 0 0 0 21 11 16 25 36 42 59 101 93 76 63 23 55 89 72 95 113 113 109 118 140 150 134 86 83 101 94 67 69 54 39 23 6 6 15 0 0 0 0 0 0 0 13 51 49 58 83 64 34 72 96 115 88 117 40 26 22 7 8 7 5 7 5 10
0 0 0 0 0 0 0 0 0 0 0 0 0 0 0 0 0 0 0 0 0 0 0 0 0 0 0 0 0 0 0 21 19 24 19 54 56 51 43 62 96 104 48 63 22 82 104 97 100 113 133 132 141 144 160 129 101 89 84 58 22 18 21 44 17 21 0 0 0 0 0 0 0 0 23 83 87 81 56 56 13 53 46 53 58 95 110 84 7 7 7 7 6 5 5 21
0 0 0 0 0 0 0 0 0 0 0 0 0 0 0 0 0 0 0 0 0 0 0 0 0 0 0 0 0 0 22 14 25 41 24 38 68 68 77 93 100 97 65 81 72 47 91 117 104 119 136 134 116 118 127 112 114 90 54 28 23 17 27 62 40 0 0 0 0 0 0 0 0 0 0 43 82 57 45 31 17 24 28 53 85 80 94 15 5 8 7 7 4 7 16 36
0 0 0 0 0 0 0 0 0 0 0 0 0 0 0 0 0 0 0 0 0 0 0 0 0 0 0 0 14 21 12 21 47 54 43 43 26 72 101 98 120 93 98 93 98 63 79 97 114 117 83 78 102 88 110 106 97 91 41 37 43 27 27 47 0 0 0 0 0 0 0 0 0 0 0 0 8 61 13 15 22 70 57 74 78 54 20 6 9 7 7 6 7 6 24 44
0 0 0 0 0 0 0 0 0 0 0 0 0 0 0 0 0 0 0 0 0 0 0 0 0 0 7 13 6 15 11 72 77 77 66 65 54 93 117 109 108 116 107 118 99 101 72 104 118 99 56 50 49 69 102 78 67 72 50 62 36 61 92 0 0 0 0 0 0 0 0 0 0 0 0 0 0 10 17 51 48 65 89 70 80 41 9 5 6 7 8 7 7 9 16 59
0 0 0 0 0 0 0 0 0 0 0 0 0 0 0 0 0 0 0 0 0 0 0 0 0 7 5 7 10 18 44 63 92 96 97 98 71 94 106 115 107 123 120 124 124 133 101 96 74 77 60 51 55 56 70 68 53 37 49 42 58 44 0 0 0 0 0 0 0 0 0 0 0 0 0 0 0 13 46 67 72 76 63 35 56 13 12 8 6 6 6 7 10 12 19 15
0 0 0 0 0 0 0 0 0 0 0 0 0 0 0 0 0 0 0 0 0 0 0 3 5 0 3 0 7 9 56 73 96 119 108 98 75 37 63 73 103 106 101 91 94 106 105 63 62 52 56 52 30 33 43 55 62 55 35 10 13 0 0 0 0 0 0 0 0 0 0 0 0 0 0 0 0 13 64 79 64 59 32 71 2 14 8 8 7 6 6 8 7 6 15 20
0 0 0 0 0 0 0 0 0 0 0 0 0 0 0 0 0 0 0 0 0 0 0 0 14 6 0 0 8 7 83 52 24 81 42 49 25 17 16 22 28 41 42 43 58 51 66 58 43 79 59 28 77 65 28 24 40 5 8 12 0 0 0 0 0 0 0 0 0 0 0 0 0 0 0 0 0 0 7 16 32 20 3 12 6 8 10 11 11 10 10 11 9 10 22 32
0 0 0 0 0 0 0 0 0 0 0 0 0 0 0 0 0 0 0 0 0 0 18 31 26 12 0 2 7 20 52 71 20 38 56 16 21 19 18 24 35 35 40 36 40 38 55 46 56 57 101 69 43 46 53 18 7 9 9 0 0 0 0 0 0 0 0 0 0 0 0 0 0 0 0 0 0 0 12 9 13 14 6 15 8 9 8 8 7 10 14 3 11 13 53 41
0 0 0 0 0 0 0 0 0 0 0 0 0 0 0 0 0 0 0 0 0 15 34 34 8 9 13 13 11 6 9 51 47 33 23 5 11 8 13 21 24 22 35 29 28 42 68 59 66 98 104 54 78 54 6 3 7 6 2 0 0 0 0 0 0 0 0 0 0 0 0 0 0 0 0 0 0 0 19 14 15 10 13 12 19 7 6 9 12 7 7 7 11 5 12 12
0 0 0 0 0 0 0 0 0 0 0 0 0 0 0 0 0 0 0 21 30 35 41 48 24 23 26 13 11 12 15 14 35 8 7 5 6 6 7 10 10 11 27 31 63 38 39 35 61 88 90 92 73 65 7 6 9 6 0 0 0 0 0 0 0 0 0 0 0 0 13 8 0 0 0 0 0 10 0 0 0 18 19 7 9 6 7 9 6 13 12 11 9 11 11 13
0 0 0 0 0 0 0 0 0 0 0 0 0 0 0 0 0 21 29 36 34 52 57 51 39 29 24 12 9 57 12 12 11 9 5 5 6 7 11 8 11 13 16 31 26 36 33 62 68 117 89 90 76 49 6 4 6 0 0 0 0 0 0 0 0 0 0 0 0 13 14 10 8 10 0 0 0 14 14 0 22 16 7 14 8 12 11 6 6 7 7 12 8 12 8 12
0 0 0 0 0 0 0 0 0 0 0 0 0 0 0 0 38 35 35 53 50 66 78 72 68 45 26 12 11 58 20 18 31 30 20 8 6 10 14 25 19 23 21 27 27 31 72 59 100 87 86 93 24 8 8 5 8 0 0 0 0 0 0 0 0 0 0 0 0 15 15 10 5 13 8 9 3 11 13 0 10 10 14 16 9 8 10 9 10 7 13 24 8 8 8 5
0 0 0 0 0 0 0 0 0 0 0 0 0 0 0 38 16 53 71 74 68 81 95 99 83 75 67 9 8 15 53 36 65 52 48 12 15 39 30 32 41 29 25 33 24 51 66 74 93 95 85 39 75 72 9 79 16 0 0 0 0 0 0 0 17 0 14 11 0 12 17 15 11 11 10 9 7 9 19 8 10 11 11 14 12 7 11 5 4 5 18 24 41 53 72 55
0 0 0 0 0 0 0 0 0 0 0 0 0 9 51 48 17 17 14 87 79 88 103 107 49 46 45 12 12 19 51 53 58 58 48 31 21 31 60 50 39 28 29 27 47 60 77 105 98 91 82 71 113 101 114 131 76 0 0 0 0 0 0 0 10 0 15 3 9 2 13 16 10 14 13 8 7 8 9 9 13 10 14 13 10 7 10 8 15 10 24 26 31 56 71 82
0 0 0 0 0 0 0 0 0 0 0 0 9 44 47 58 40 37 12 70 94 99 81 84 29 83 63 19 13 13 53 72 85 86 68 20 16 14 18 49 41 44 44 35 41 77 84 90 103 91 107 118 130 107 119 124 0 0 11 13 0 15 8 6 10 0 11 13 0 15 15 11 13 19 14 7 44 7 10 9 10 11 10 11 10 10 5 4 6 17 36 47 46 68 79 81
0 0 0 0 0 0 0 1 7 0 0 9 47 20 17 37 66 75 33 36 85 109 120 95 77 78 57 41 23 18 22 40 54 54 31 19 18 21 37 61 31 35 78 61 60 73 74 100 120 128 135 133 131 117 120 0 0 10 12 10 8 9 8 9 0 5 9 7 8 8 11 12 7 16 10 9 26 23 41 40 32 14 5 5 5 5 5 5 10 2 4 7 46 41 47 60
0 0 0 0 0 0 10 8 0 1 6 13 34 35 36 15 58 73 66 39 46 96 93 65 73 73 79 53 30 41 21 19 22 37 62 48 19 19 25 35 35 49 80 61 104 90 114 121 121 129 140 130 115 61 6 0 0 10 8 9 9 0 9 7 8 0 9 6 2 7 11 11 8 10 12 8 6 5 9 29 35 34 27 21 16 13 25 21 5 5 4 4 8 57 74 72
0 0 0 0 0 0 10 0 9 11 25 22 58 54 44 28 53 84 47 68 85 104 106 106 81 94 85 66 54 57 38 23 25 49 62 30 69 30 25 31 42 46 57 59 108 108 110 116 119 122 119 129 128 136 6 0 0 8 10 8 7 8 9 6 8 0 7 8 2 8 12 7 8 15 11 10 11 7 7 6 5 16 7 26 10 9 30 37 31 17 6 7 6 67 58 65
0 0 0 0 0 11 10 9 9 9 7 8 75 65 50 25 63 87 44 23 68 37 63 64 80 97 94 90 76 59 35 24 28 31 30 69 51 35 31 42 67 67 80 88 104 106 110 107 108 114 127 128 134 122 11 0 0 7 7 9 6 8 7 7 9 0 11 6 4 9 14 9 10 9 17 14 7 7 6 6 6 6 8 6 6 6 7 30 42 40 8 5 8 18 30 43
0 0 0 0 9 10 6 7 9 8 8 48 58 71 54 44 75 93 72 25 18 27 43 49 50 62 90 70 58 38 26 25 29 31 38 38 61 49 46 48 55 66 93 100 117 109 124 115 106 111 129 144 129 10 10 0 7 8 9 9 6 7 8 0 9 10 3 9 13 9 9 5 5 12 6 10 6 7 5 4 5 45 7 5 15 22 10 19 37 53 30 10 23 17 26 36
0 0 0 9 14 16 10 9 9 6 8 27 52 72 61 61 55 62 86 21 32 31 43 62 43 53 74 47 39 31 30 27 30 36 41 53 58 65 46 89 65 82 94 116 129 119 119 124 105 115 140 95 19 7 0 0 9 6 8 8 5 6 8 9 8 8 6 8 9 12 11 4 6 7 7 7 8 7 6 7 27 26 23 34 14 36 23 20 22 65 10 9 15 36 52 48
0 9 23 5 22 16 13 12 9 10 15 15 45 87 69 57 50 33 30 23 27 33 32 43 52 62 65 64 40 41 33 33 34 34 41 47 61 74 50 81 77 87 94 103 119 120 101 99 115 145 130 40 7 0 0 7 6 7 7 8 9 1 8 1 8 8 7 6 13 9 8 4 6 26 8 8 7 7 6 34 33 44 20 54 25 26 42 44 59 58 9 11 12 19 21 48
15 20 24 15 25 28 21 8 9 11 4 11 51 80 70 72 22 27 26 51 33 38 31 39 39 57 45 47 59 61 38 38 36 58 39 61 82 69 59 74 113 91 112 109 109 108 99 102 17 127 112 1 0 7 0 6 8 5 6 8 7 6 9 8 5 5 9 8 6 7 11 4 7 6 50 7 7 9 18 9 33 52 27 38 38 32 49 56 75 37 8 45 17 16 23 38
58 51 55 21 33 31 37 47 7 6 7 10 62 67 80 64 18 26 49 71 65 41 41 37 35 51 45 62 47 59 49 48 39 49 41 50 52 69 64 78 94 95 109 110 116 134 113 99 8 7 9 6 6 5 0 6 14 16 20 44 24 9 6 8 11 10 10 7 10 3 3 7 4 7 22 4 10 7 23 35 38 35 61 38 34 39 46 67 76 66 12 52 19 25 43 43
79 53 41 6 46 48 60 4 7 10 10 10 7 20 18 9 16 15 26 36 60 43 46 53 39 41 45 55 58 63 68 90 65 50 49 56 66 79 74 90 128 109 103 129 143 139 130 28 6 0 7 10 7 4 6 50 66 37 36 57 5 10 12 2 9 8 8 7 12 3 3 10 14 29 32 6 11 12 43 40 52 29 42 41 32 47 67 78 70 57 37 62 21 31 79 74
88 70 18 5 65 56 6 7 8 9 10 11 13 11 11 21 15 22 24 35 49 42 52 50 43 48 48 58 67 110 69 98 62 59 52 61 85 81 80 104 115 133 124 124 168 152 21 8 4 10 6 7 5 23 19 66 44 29 64 62 6 10 6 10 8 6 7 9 7 3 6 14 24 32 7 6 24 34 40 58 63 46 46 57 52 62 77 69 54 47 49 73 24 34 70 78
79 20 7 7 6 4 5 8 7 9 12 13 12 47 23 47 25 27 46 34 38 51 59 63 48 56 59 57 70 98 81 83 96 59 56 61 80 84 104 111 146 152 148 152 161 73 13 9 8 9 8 32 43 15 62 60 72 30 55 52 1 6 8 7 7 6 7 7 8 6 7 10 29 4 5 9 9 20 18 43 25 37 48 53 58 50 73 77 76 59 63 59 27 31 40 89
21 11 6 5 8 17 11 5 8 8 22 14 26 20 37 41 33 55 34 36 54 58 68 58 54 88 94 79 91 98 74 71 71 63 62 90 90 117 142 147 140 153 153 162 190 116 32 9 9 16 23 52 15 58 68 83 71 72 45 9 5 8 3 10 5 11 7 8 9 8 9 14 30 10 8 3 26 33 43 31 34 53 59 63 72 75 81 61 39 71 64 74 33 35 72 47
16 9 7 4 6 16 24 7 8 14 13 15 8 12 31 56 30 51 35 65 51 66 66 64 76 92 95 91 111 94 83 76 75 78 71 70 121 115 140 145 159 157 154 176 195 98 21 10 9 17 33 44 25 69 76 91 73 88 26 11 7 6 6 8 6 6 15 9 6 13 8 7 31 31 8 8 28 38 43 26 43 46 48 56 76 74 82 59 71 72 70 90 41 31 52 85
18 21 27 6 22 20 13 8 10 12 13 16 14 11 20 26 27 55 45 50 67 66 98 72 68 72 73 79 92 98 87 84 103 96 87 66 71 131 139 170 169 185 177 172 179 76 18 13 11 33 34 35 45 76 89 95 80 36 9 9 10 9 7 6 7 11 10 6 9 11 10 8 27 21 9 7 18 21 17 28 40 49 38 53 73 84 85 88 71 50 86 97 70 44 73 85
