geoid/ascii _raster_file/srtm1km.asc
ncols        921
nrows        1647
xllcorner    41.599583333024
yllcorner    -26.241393729408
dx           0.009999999996
dy           0.009998031104
[rows 637 to 685 of 1647, columns 672 to 767 of 921]
1035 847 687 636 431 403 430 464 392 508 747 799 755 778 563 422 434 380 399 363 554 468 426 454 511 434 459 426 446 490 543 560 419 503 749 767 778 717 843 1040 772 1013 746 607 1047 1118 1032 582 460 418 469 485 456 456 480 526 493 510 499 550 809 803 800 1001 858 823 772 791 806 838 802 810 839 798 838 826 797 819 797 814 798 792 797 818 802 768 763 727 750 721 743 766 759 770 668 708
1198 1236 717 607 432 441 509 539 427 447 564 904 804 534 442 433 410 414 387 364 558 463 457 482 434 429 457 431 437 450 455 440 423 433 577 594 657 621 796 964 1018 891 743 584 862 913 1116 759 444 428 517 493 461 466 464 482 473 489 606 610 821 783 791 951 794 790 818 806 803 820 796 782 826 797 807 816 819 800 824 810 823 797 792 776 752 768 742 779 752 725 707 755 700 680 686 689
1184 1079 552 508 490 563 790 970 695 458 546 762 566 601 572 629 456 409 443 374 397 438 466 435 441 432 425 463 530 444 559 467 466 434 609 631 604 783 873 808 862 895 844 656 695 911 999 919 553 440 442 451 459 545 466 467 510 598 526 550 738 778 804 795 779 779 772 778 819 803 766 820 780 799 775 794 788 780 772 805 797 824 767 800 752 782 761 739 729 711 735 742 694 691 709 758
1179 1210 690 521 544 718 1039 1073 1029 607 519 971 804 770 661 718 514 403 379 376 399 528 464 480 456 424 426 461 511 456 443 497 447 439 565 737 598 770 931 1017 900 1072 911 793 613 868 999 989 766 448 442 444 454 520 473 479 535 650 547 666 785 777 781 799 776 783 811 759 794 780 765 791 806 816 793 765 794 778 781 765 797 791 758 787 786 778 716 732 741 691 726 699 731 702 718 750
1256 1210 715 604 586 1016 1005 1022 1003 771 643 1018 910 830 811 562 431 392 404 389 417 525 466 504 473 443 448 429 465 451 452 469 477 458 586 841 791 679 782 957 1133 1070 981 765 615 766 1118 1029 1001 529 461 473 473 457 513 474 603 745 602 713 789 777 818 784 826 792 814 767 800 793 769 806 798 811 779 793 802 760 803 754 787 807 791 753 727 720 728 700 726 767 692 709 755 744 763 757
1239 1213 821 701 778 996 1013 1043 866 792 652 839 951 963 922 602 485 448 409 429 392 418 475 513 590 464 458 443 482 497 487 572 581 446 565 954 1088 813 682 728 1003 1169 1146 1006 745 733 1038 1037 918 520 499 707 678 465 461 476 741 748 627 817 807 825 777 798 796 853 770 775 787 812 774 756 762 791 799 799 789 780 753 767 792 751 759 741 735 733 705 767 725 730 747 724 719 758 771 725
1271 1258 873 760 957 1108 1065 1034 934 984 870 807 853 993 1005 669 570 464 416 456 400 425 516 528 654 564 462 458 483 518 452 523 578 462 565 859 1006 956 735 733 1023 1126 1161 1127 836 757 1025 1187 980 565 582 665 484 500 526 629 785 700 701 833 798 806 805 819 936 819 851 775 774 803 794 778 755 775 753 788 760 767 771 749 741 738 744 780 757 722 784 746 721 773 777 759 774 793 769 775
1246 1260 1056 930 864 988 1019 1102 952 1017 998 1024 950 1001 983 729 532 445 416 453 402 427 512 476 568 508 554 485 475 445 454 556 623 520 518 743 929 883 773 718 934 1190 1182 1123 857 772 1115 1202 986 553 486 477 466 524 627 643 715 688 801 826 814 827 824 790 855 834 801 780 839 847 820 795 795 806 784 754 777 790 770 758 747 751 764 765 756 732 754 781 749 760 824 799 786 787 782 764
1180 1150 1125 1093 895 1041 955 992 1105 895 934 980 1010 1036 941 799 529 467 411 397 426 409 545 533 552 581 598 670 505 492 467 460 670 509 509 698 997 828 848 770 1080 1073 1171 1170 901 845 1160 1186 1105 887 569 477 499 589 669 593 591 760 881 823 834 907 996 841 808 806 801 821 809 790 802 813 789 811 802 761 766 788 768 754 754 745 753 770 744 783 739 778 748 858 804 798 806 802 791 814
1220 1228 1236 1180 1145 1089 975 930 925 905 940 937 963 1011 1009 968 584 434 410 413 540 400 538 451 541 650 789 759 567 457 446 450 647 552 543 666 942 1038 900 776 939 1062 1171 1178 912 908 1182 1162 1125 1150 712 520 536 528 681 627 664 866 919 835 897 915 1095 844 804 802 818 828 815 821 777 774 771 812 769 765 786 766 806 788 795 785 767 773 804 796 776 790 792 830 797 891 950 827 814 817
1265 1250 1214 1149 986 965 994 987 929 914 978 934 939 1001 1034 814 564 521 430 425 594 419 468 450 478 602 788 583 536 523 487 453 495 529 503 629 961 1162 1060 782 1001 1058 1134 1174 1002 1035 1169 1164 1166 1159 755 538 506 715 896 645 843 886 838 898 878 910 978 871 820 793 819 803 808 835 783 799 804 760 806 794 765 809 772 803 783 765 765 777 792 773 831 808 854 899 1038 1015 962 934 898 881
1230 1222 1183 1217 1186 974 952 924 1035 984 974 986 968 1072 1038 960 760 760 462 540 569 455 440 430 496 574 750 642 621 768 627 503 470 488 470 604 798 1156 991 816 1049 1066 1110 1177 1183 1176 1157 1197 1039 1157 754 699 779 898 891 895 926 917 1013 926 906 931 848 858 817 815 814 818 835 779 818 831 770 828 789 780 774 819 785 811 797 816 816 854 944 845 850 757 948 1024 937 928 916 887 823 781
1214 1218 1255 1226 1167 1236 1022 940 1034 944 966 963 992 1210 1119 1139 1169 766 540 495 454 437 420 482 472 534 742 680 684 1092 741 581 464 465 468 565 736 1203 1143 864 1051 1039 1101 1209 1083 1155 1158 1140 990 1196 744 730 654 849 846 908 911 902 884 922 1026 868 879 815 802 841 825 841 818 832 780 808 805 797 802 811 826 817 816 777 840 841 840 898 856 830 886 798 982 899 938 915 924 907 852 811
1257 1242 1260 1264 1259 1165 1084 948 1062 966 991 1032 987 1030 1028 1063 894 739 543 504 439 451 486 664 492 471 574 679 733 1167 846 630 473 503 492 559 717 1053 971 1030 926 1038 1146 1133 1094 1178 1123 1128 988 1060 762 856 752 854 891 880 884 891 932 891 953 839 851 805 824 834 861 813 828 809 816 827 820 779 815 820 810 818 793 817 860 847 913 903 889 868 876 804 773 856 938 942 928 922 926 842
1271 1265 1266 1228 1192 1152 1117 999 1010 1006 1000 1015 980 1020 1026 941 761 529 535 489 462 463 546 642 514 478 582 851 835 1258 1112 688 529 499 493 545 722 1046 1009 1118 931 975 1065 1086 1214 1216 1085 1056 989 781 942 880 866 834 888 887 894 897 866 861 878 827 851 851 855 796 830 813 837 835 822 834 821 808 818 800 821 824 845 816 840 882 965 875 862 964 968 791 819 831 873 813 829 829 828 788
1228 1265 1264 1262 1230 1121 1189 1029 1062 995 1118 1060 1003 1051 999 948 710 556 539 450 480 460 606 803 609 723 565 678 810 1262 1211 780 578 484 546 532 710 1034 1112 1062 1002 1123 1120 1112 1209 1185 1058 1047 845 911 890 866 859 884 902 891 994 869 834 881 857 855 850 861 847 817 804 826 806 780 787 793 811 819 814 829 822 795 808 775 876 948 946 903 895 935 834 859 767 818 891 809 841 785 720 760
1090 1211 1263 1260 1262 1155 1239 1043 1097 1085 1161 1050 1148 1043 1144 1040 738 686 634 546 501 453 561 741 711 907 801 605 798 1190 1221 904 624 475 528 559 710 1088 1036 1064 1012 1141 1084 1102 1216 1167 1107 1123 1016 929 858 877 890 871 864 865 862 866 862 842 856 844 849 815 780 769 799 787 772 772 786 798 798 790 808 817 813 761 749 761 799 934 944 928 832 749 884 876 839 800 793 811 779 769 719 735
816 1058 1241 1100 1191 1207 1134 1107 1034 1096 1184 1259 1153 1165 1079 1044 1030 846 671 532 534 519 642 928 876 851 1018 715 744 1114 1136 1184 617 522 562 633 785 1087 1022 1065 1084 1117 1118 1097 1146 1163 1103 1002 891 884 888 873 897 869 856 844 856 848 810 854 884 846 830 794 781 810 751 792 751 754 796 737 755 780 757 809 787 801 743 765 939 958 948 794 776 788 808 816 810 791 777 737 752 668 684 719
694 960 1139 1061 1148 1167 1179 1150 1110 1153 1234 1267 1225 1242 1109 1084 1057 971 699 538 525 510 644 1108 1080 1028 1148 861 731 981 1240 1120 791 554 544 694 886 1090 1189 1202 1092 1093 1116 1156 1187 1053 988 983 860 899 871 889 844 838 841 869 855 824 821 800 838 883 774 765 766 771 797 773 789 774 745 741 788 739 779 816 770 731 798 807 854 885 855 790 778 767 937 982 784 783 789 684 657 745 664 651
662 775 1014 1038 1202 1156 1189 1115 1134 1226 1266 1232 1177 1203 1060 1135 1092 982 803 586 497 536 674 995 1270 1092 1143 1171 1012 904 1162 1045 748 605 626 772 1021 1103 1214 1101 1064 1111 1179 1125 1183 959 896 866 891 903 902 902 840 887 897 808 869 853 764 810 817 894 760 768 771 787 754 729 779 764 729 767 718 734 808 796 757 661 678 799 717 778 777 849 837 834 990 940 775 791 801 717 641 640 802 646
635 680 777 1031 835 1169 1148 1034 1053 1190 1124 1139 1154 1150 1178 1152 1122 918 923 656 504 591 647 1033 1260 1152 1166 1132 1102 1099 1103 1134 709 708 673 839 1126 1084 1069 1114 1074 1138 1138 1166 1158 908 909 869 904 859 898 849 895 835 843 889 829 864 831 799 769 770 751 810 784 769 742 762 747 810 732 740 731 779 808 777 757 645 589 710 797 710 850 852 789 825 984 830 719 725 679 601 654 739 657 594
600 634 687 845 698 1045 1156 977 1022 1265 1185 1141 1148 1132 1129 1166 1094 1040 814 620 556 653 754 1123 1294 1223 1160 1232 1114 1077 1135 977 735 826 699 911 1118 1087 1128 1075 1083 1124 1103 1200 1027 879 891 890 923 916 887 874 871 861 856 822 878 862 835 782 797 779 723 735 723 753 749 710 758 728 690 754 720 779 762 766 735 670 622 703 714 714 786 862 753 743 863 913 729 638 609 607 609 635 677 625
632 633 674 711 761 1101 1141 874 1032 1196 1129 1114 1126 1094 1200 1168 1140 988 676 621 620 758 820 1126 1309 1277 1162 1131 1140 1094 1146 969 736 915 911 887 1126 1188 1174 1098 1099 1130 1106 1159 972 875 874 899 927 927 890 905 831 812 858 856 772 851 798 766 789 765 739 750 721 720 723 742 763 736 712 711 736 769 735 767 761 553 617 616 786 788 817 902 781 753 855 741 736 656 613 689 693 612 663 696
607 685 687 761 992 1218 1078 820 901 1025 1038 1169 1183 1093 1125 1140 1151 1070 794 676 599 770 782 1043 1188 1192 1189 1155 1156 1132 1168 990 806 981 1153 965 1062 1139 1109 1097 1142 1118 1131 1145 1108 926 920 886 895 921 887 848 846 857 841 892 828 756 756 758 770 753 748 732 732 731 724 757 733 705 704 695 732 748 756 730 710 678 506 543 668 749 802 713 651 895 858 853 837 665 689 760 773 623 567 681
633 663 781 750 909 1051 1026 776 861 919 880 1079 1190 1165 1134 1148 1232 1114 1071 767 657 691 838 1152 1206 1179 1191 1178 1201 1178 1142 918 891 1133 1128 1110 1112 1156 1171 1135 1129 1118 1131 1132 936 957 1003 893 947 913 896 860 882 851 858 883 815 763 773 753 771 759 761 741 760 905 738 698 682 696 722 702 704 692 739 742 737 677 530 536 674 644 771 657 694 696 829 823 800 796 777 690 649 625 561 593
608 633 687 740 895 958 964 806 784 795 1033 1099 1214 1262 1182 1217 1102 1183 1010 774 798 739 863 1066 1150 1188 1185 1176 1177 1205 1179 1016 1094 1129 1120 1124 1129 1165 1172 1152 1152 1148 1179 1167 1079 1139 943 930 917 895 853 851 850 853 827 832 816 795 763 782 733 767 799 777 839 821 842 806 715 690 701 690 669 680 689 737 726 654 544 556 560 926 779 692 654 639 654 822 784 747 770 702 637 565 566 554
609 607 661 726 781 876 893 682 786 908 1188 1174 1226 1232 1050 970 974 1228 928 871 848 988 867 1111 1191 1208 1198 1184 1146 1144 1159 1106 1112 1121 1141 1162 1140 1200 1209 1167 1132 1191 1170 1155 1142 911 906 939 873 873 851 872 873 855 853 832 838 783 759 752 782 764 830 830 812 820 817 728 709 693 734 700 679 678 651 629 676 556 529 507 688 838 862 769 759 670 667 661 830 787 754 734 585 623 581 538
604 609 621 658 689 678 802 796 869 1100 1144 1148 1233 1222 999 911 1016 1087 868 847 857 940 993 1084 1172 1261 1150 1187 1212 1172 1193 1134 1157 1167 1138 1164 1130 1150 1160 1167 1226 1175 1073 1106 900 903 873 908 896 874 921 850 900 889 895 845 865 826 833 816 846 830 871 811 855 780 736 709 693 712 719 714 691 710 695 687 646 600 623 503 704 780 579 666 680 650 632 632 834 826 772 613 606 732 637 561
551 585 639 627 665 659 641 826 817 1070 1141 943 1179 1093 943 919 960 896 858 816 855 908 1004 1034 1197 1228 1197 1178 1238 1182 1211 1165 1186 1144 1146 1178 1181 1174 1165 1212 1234 1158 1056 1048 885 883 895 855 904 911 861 886 844 873 870 849 872 866 845 854 833 848 830 881 826 726 759 693 728 746 745 679 704 692 663 633 646 590 597 556 551 591 606 691 793 741 651 605 698 883 806 683 615 701 705 621
585 620 606 638 640 763 884 913 1032 890 905 966 1211 1013 889 855 952 919 928 804 815 926 969 981 1104 1135 1208 1236 1243 1183 1149 1174 1216 1150 1162 1166 1172 1170 1160 1186 1241 1150 1200 893 851 852 890 908 900 872 859 935 924 861 882 856 833 819 830 821 837 844 860 810 758 809 719 737 704 729 824 698 690 680 633 649 613 613 609 566 533 593 497 686 665 639 615 663 630 764 630 703 610 740 687 672
558 616 612 679 648 783 890 983 796 706 940 982 1124 924 810 790 899 877 872 793 772 894 886 1013 1052 1047 1175 1231 1239 1198 1190 1182 1154 1159 1219 1203 1180 1182 1199 1224 1268 1188 1034 922 912 922 849 846 922 904 860 899 861 861 870 821 852 822 819 830 847 840 836 865 836 804 825 781 745 735 766 713 657 688 679 668 656 617 573 552 489 503 606 606 658 601 813 718 690 665 816 663 640 695 673 556
543 535 579 614 643 774 962 815 706 615 740 994 960 820 831 758 897 803 782 791 820 898 873 1003 1011 1031 1189 1177 1251 1155 1158 1184 1203 1159 1199 1196 1179 1216 1212 1219 1218 1131 928 936 860 853 950 872 842 884 843 881 850 902 855 833 843 808 837 831 795 814 844 829 826 820 789 775 803 839 764 710 724 671 685 640 651 606 521 546 538 529 531 597 621 686 633 659 794 815 669 594 641 692 558 569
525 540 568 561 604 690 774 654 599 601 712 677 652 641 869 742 815 868 751 775 770 767 918 1067 1015 1029 1077 1172 1172 1190 1155 1195 1199 1165 1214 1221 1220 1259 1126 1216 1251 950 926 858 911 931 910 858 867 911 830 834 829 824 871 885 850 849 843 810 794 834 796 791 812 728 746 732 747 731 739 789 737 740 658 643 671 617 674 737 586 546 476 490 594 656 671 833 831 670 627 590 610 558 634 556
561 548 638 586 613 576 576 606 589 650 652 669 657 794 898 699 701 707 860 827 782 818 799 859 831 861 1080 1148 1202 1171 1167 1225 1206 1211 1186 1186 1225 1134 1114 1248 992 943 857 927 892 887 939 885 910 860 868 890 900 834 876 829 857 860 844 825 818 857 882 860 752 751 737 731 736 736 745 654 673 644 653 775 671 767 774 723 637 550 523 506 592 650 729 929 645 583 613 597 618 582 592 578
580 566 548 554 588 664 770 665 737 894 744 610 626 701 702 750 674 779 894 1016 1084 977 842 877 919 972 971 1191 1167 1186 1244 1203 1195 1217 1206 1231 1254 1096 1181 1043 984 929 855 922 915 881 871 874 834 877 846 857 837 841 874 859 841 826 847 881 884 857 849 840 788 784 785 710 708 722 691 647 673 740 818 671 699 694 666 647 653 636 556 604 575 634 715 736 619 579 613 561 524 574 572 579
598 595 556 587 593 627 769 783 860 1032 917 649 664 657 705 831 712 745 940 1115 1127 1095 1054 998 913 1044 1249 1159 1224 1218 1211 1217 1233 1209 1264 1197 1163 1077 893 901 895 880 907 901 874 916 851 842 868 838 829 813 876 821 819 816 829 837 848 893 868 901 836 741 747 744 706 749 755 711 729 654 669 687 668 642 619 647 612 570 602 526 572 469 653 605 638 563 571 532 631 565 516 556 541 541
615 587 595 611 580 631 775 1001 779 1094 940 660 635 700 713 786 762 825 889 1037 1052 1038 1010 1038 1184 1109 1110 1091 1201 1213 1229 1235 1267 1273 1260 1199 1202 1171 947 944 959 976 942 932 871 904 849 879 884 852 842 849 838 847 813 877 816 853 875 851 828 812 803 776 774 774 739 768 709 668 695 817 754 667 676 632 705 713 664 721 783 675 619 478 505 542 587 565 575 535 591 577 535 539 499 506
663 635 593 626 590 641 962 1023 1140 1098 980 657 680 685 754 824 822 1054 883 1088 1096 1055 1001 1198 1208 1131 1094 1192 1220 1255 1193 1231 1235 1274 1097 1133 1205 988 1016 1006 937 978 927 941 918 909 878 916 906 901 875 874 848 849 876 862 851 880 858 839 810 843 782 789 838 812 797 722 737 684 708 758 635 693 716 969 959 877 814 769 778 703 695 616 491 561 504 489 568 565 540 480 534 563 466 490
625 696 585 657 706 677 875 1092 954 1087 955 675 670 756 814 880 891 1093 1051 1184 1029 1035 1083 1117 1028 1034 1172 1098 1236 1125 1218 1279 1102 1045 1094 1262 1030 923 970 977 943 937 950 933 920 922 843 901 902 857 910 905 915 915 904 862 878 855 828 799 840 859 785 872 904 804 713 727 869 754 751 681 721 914 859 843 816 790 741 607 559 566 555 565 491 470 469 481 518 510 544 468 485 504 497 515
603 672 607 681 766 735 826 1095 920 1164 926 692 818 859 913 887 964 1002 1080 1092 1043 1037 1002 1016 1031 1052 1123 1092 1116 1161 1226 1235 1082 993 1084 1123 975 1022 1023 994 968 948 934 924 923 887 849 905 861 865 932 861 864 871 845 871 872 903 823 850 870 836 810 868 809 764 733 852 808 786 765 721 862 734 671 640 594 570 568 564 558 523 523 529 530 496 494 489 469 538 524 468 484 527 447 490
592 677 612 669 717 685 850 1047 918 1160 1133 1028 1085 1116 835 921 1033 1012 1143 993 953 1049 1087 1065 1100 1078 1188 1168 1182 1234 1261 1178 1034 987 1072 982 1006 1069 1052 1081 1062 1015 952 958 913 866 871 907 959 947 862 877 862 846 870 852 858 847 809 835 843 836 868 809 789 831 1007 1008 833 951 1019 743 665 636 643 619 564 563 574 570 589 595 553 523 515 515 503 511 487 519 455 459 452 449 517 530
586 628 604 616 643 658 664 871 746 827 807 792 813 936 958 967 969 1068 980 965 1050 1078 934 972 1160 1083 1136 1106 1219 1264 1242 1194 1100 1021 1053 1046 1047 1068 1061 1057 1040 1008 933 945 886 905 890 932 936 883 858 881 843 831 828 851 847 818 831 845 808 831 815 803 816 947 929 1027 1022 991 869 881 858 733 710 737 643 655 633 601 587 600 535 531 602 483 522 576 474 505 570 490 443 468 498 513
563 609 562 580 629 619 727 847 679 696 799 794 935 766 1035 1134 1011 961 859 918 922 925 952 1128 1071 1101 1126 1164 1234 1244 1213 1228 1147 1057 1066 1047 1103 1069 1046 1066 1060 989 977 951 896 867 932 967 896 957 880 852 852 851 847 880 834 850 857 826 856 866 906 911 878 1015 965 978 943 929 961 954 857 742 672 731 666 640 592 596 551 518 480 478 476 487 568 528 495 506 481 489 500 491 475 456
562 601 557 576 623 609 655 823 636 617 608 843 743 842 1038 1102 1061 862 837 831 1069 915 997 1061 1046 1043 1137 1221 1233 1263 1227 1247 1274 1193 1071 1036 1071 1058 1054 1067 1045 1040 1079 1029 927 893 899 964 920 905 878 886 873 845 914 921 867 847 871 851 894 842 871 893 924 1008 987 965 984 955 905 832 873 786 715 644 601 583 519 575 538 548 566 527 523 482 632 547 546 520 523 471 521 439 484 472
566 583 550 577 591 601 618 723 625 647 883 659 683 764 825 835 832 747 847 887 874 885 979 1012 922 1092 1188 1189 1226 1191 1211 1278 1257 1263 1065 1039 1068 1021 1048 1052 1049 1057 1058 1045 912 893 892 948 897 899 871 864 892 851 912 855 890 854 849 838 847 852 858 888 939 951 988 993 986 864 810 873 929 712 685 595 611 681 799 874 711 624 615 573 567 577 555 495 483 472 479 503 535 517 473 461
553 546 545 572 579 596 592 606 701 826 951 775 715 737 755 706 819 797 919 944 820 879 1077 885 1084 1190 1262 1146 1153 1189 1263 1230 1272 1272 1095 1085 1075 1086 1042 1084 1030 1037 1069 1031 935 949 928 960 894 923 912 933 884 875 890 889 893 885 881 865 903 892 875 909 991 957 1003 1084 1031 945 845 814 838 979 755 836 768 777 892 847 704 667 692 613 580 518 525 482 514 529 477 528 542 515 464 555
575 552 574 566 611 588 578 659 864 1081 1004 949 924 950 789 723 793 768 777 795 855 831 913 894 939 1013 1140 1124 1158 1201 1216 1263 1276 1228 1065 1041 1082 1027 1050 1007 1050 1031 1028 1063 992 926 894 1005 999 898 905 864 901 879 919 915 899 866 891 930 894 931 1034 1039 1068 1079 1049 1080 1036 1041 954 1089 1015 995 949 786 647 672 948 873 876 740 718 617 543 596 519 641 488 564 501 469 486 510 507 581
530 551 591 556 595 598 608 746 1068 955 996 1026 788 753 710 741 850 845 941 906 824 1008 1038 939 950 1021 1269 1174 1150 1190 1244 1268 1229 1192 1063 1072 1050 1079 1044 1060 1038 1042 1069 1033 1001 931 944 1015 1053 911 936 893 913 886 901 893 907 942 897 962 1024 954 989 1035 1083 1029 1024 1081 1055 1030 1056 1009 947 937 788 778 787 879 757 835 772 743 666 656 585 579 635 632 594 560 561 596 590 582 579 573
572 574 549 553 599 563 589 732 725 852 888 899 817 691 712 725 835 828 1000 902 815 1027 1099 1018 928 1095 1247 1188 1148 1196 1217 1254 1213 1242 1065 1063 1044 1088 1075 1055 1058 1006 1000 1035 1005 961 955 1031 1060 1053 937 885 917 954 892 930 928 973 958 1003 1016 1039 1036 1085 1044 1107 1083 1035 1057 1094 1077 1061 951 967 930 785 621 638 688 669 656 616 550 571 542 551 666 622 639 582 544 636 541 591 599 482
