geoid/ascii _raster_file/WGM20212Last.asc
ncols        150
nrows        270
xllcorner    40.000000000000
yllcorner    -35.000000000000
cellsize     0.100000000000
NODATA_value  -9999
[rows 247 to 265 of 270, columns 43 to 85 of 150]
325.245758056640625 322.838714599609375 321.049224853515625 319.9908447265625 318.334991455078125 318.074920654296875 319.6180419921875 320.532470703125 322.333251953125 325.355987548828125 327.339263916015625 331.02880859375 335.103546142578125 337.98529052734375 342.622894287109375 348.1409912109375 352.625885009765625 356.4715576171875 361.327789306640625 366.2789306640625 370.481292724609375 374.419921875 379.428955078125 382.841522216796875 385.720489501953125 389.601348876953125 393.24432373046875 396.6219482421875 400.08746337890625 402.935699462890625 405.50787353515625 407.8914794921875 410.063812255859375 413.446990966796875 416.673553466796875 419.588531494140625 422.984832763671875 426.141845703125 428.939697265625 431.281951904296875 433.77716064453125 435.22772216796875 436.334136962890625
322.266998291015625 319.997039794921875 319.8282470703125 318.89556884765625 317.067535400390625 317.030120849609375 318.37939453125 319.74334716796875 322.74346923828125 324.282012939453125 325.753875732421875 330.016448974609375 334.60894775390625 337.5611572265625 341.763092041015625 347.495147705078125 351.626953125 356.288116455078125 360.991912841796875 365.3369140625 369.80120849609375 373.640716552734375 378.220855712890625 381.045989990234375 384.775421142578125 389.423553466796875 393.2451171875 396.1146240234375 399.764251708984375 402.284576416015625 405.419342041015625 408.020843505859375 410.606597900390625 414.690155029296875 417.59100341796875 420.34912109375 423.66387939453125 426.729949951171875 429.392059326171875 431.8831787109375 433.878265380859375 435.5645751953125 437.070281982421875
319.848724365234375 319.362396240234375 318.665618896484375 316.69378662109375 314.9942626953125 316.42388916015625 318.645477294921875 319.36944580078125 321.28497314453125 322.943267822265625 325.59844970703125 329.3590087890625 332.830596923828125 335.894683837890625 339.96734619140625 345.575592041015625 350.950042724609375 356.11004638671875 359.8853759765625 364.47174072265625 368.860015869140625 372.775115966796875 377.0826416015625 380.64422607421875 384.137481689453125 388.47918701171875 392.649932861328125 395.289459228515625 399.5101318359375 402.21490478515625 405.330963134765625 408.95257568359375 411.818817138671875 415.13677978515625 418.174530029296875 420.995330810546875 424.24725341796875 427.440216064453125 430.23175048828125 432.036834716796875 434.173248291015625 436.4649658203125 438.716400146484375
320.528961181640625 319.849334716796875 318.926483154296875 316.17474365234375 314.467559814453125 316.249420166015625 318.841888427734375 319.46221923828125 320.56280517578125 322.555084228515625 325.501068115234375 329.596466064453125 332.8994140625 336.37005615234375 339.777587890625 345.094146728515625 350.575592041015625 354.8875732421875 358.799591064453125 362.812835693359375 367.24261474609375 371.93902587890625 375.59759521484375 379.9075927734375 383.658172607421875 387.47039794921875 391.922607421875 394.199462890625 398.39483642578125 402.1727294921875 405.3907470703125 409.93231201171875 412.383148193359375 415.695892333984375 418.893951416015625 421.768157958984375 425.137786865234375 428.755218505859375 430.9566650390625 432.897216796875 435.05072021484375 437.465606689453125 439.216278076171875
320.299102783203125 319.9608154296875 318.404754638671875 316.496856689453125 315.26373291015625 316.618072509765625 318.555511474609375 318.465087890625 320.6075439453125 322.29833984375 324.18634033203125 327.667510986328125 332.3350830078125 337.08148193359375 341.203765869140625 345.001556396484375 350.28997802734375 355.182220458984375 358.649993896484375 362.33770751953125 366.682403564453125 370.791656494140625 375.264801025390625 379.5452880859375 383.466705322265625 387.217071533203125 391.718536376953125 395.1737060546875 398.942352294921875 403.2314453125 407.031646728515625 410.379425048828125 413.44842529296875 417.153778076171875 420.1412353515625 423.01605224609375 426.257080078125 429.00445556640625 431.2283935546875 433.488067626953125 435.874725341796875 438.41986083984375 440.062530517578125
321.368194580078125 319.858978271484375 318.615325927734375 317.4119873046875 316.150726318359375 316.50482177734375 317.37005615234375 318.116546630859375 320.08367919921875 321.201812744140625 323.218841552734375 325.06512451171875 328.762359619140625 334.628936767578125 339.207733154296875 344.215484619140625 348.588287353515625 352.835296630859375 357.925262451171875 361.704620361328125 365.473541259765625 369.720245361328125 374.451141357421875 379.072967529296875 383.556854248046875 387.579559326171875 392.05889892578125 395.500396728515625 399.5802001953125 404.3372802734375 408.336029052734375 411.276214599609375 414.5718994140625 418.0531005859375 421.291412353515625 423.944732666015625 426.944610595703125 429.626678466796875 431.417816162109375 434.15478515625 436.95184326171875 439.19671630859375 441.07110595703125
322.3731689453125 320.388336181640625 319.260345458984375 318.258026123046875 317.115570068359375 317.913818359375 317.824859619140625 318.187591552734375 319.6724853515625 321.77825927734375 324.6334228515625 325.588043212890625 328.373443603515625 333.322265625 337.72589111328125 343.280853271484375 348.4239501953125 351.691864013671875 356.700042724609375 361.069610595703125 365.579010009765625 369.37030029296875 373.98602294921875 379.034027099609375 383.83209228515625 388.09771728515625 392.626251220703125 396.479095458984375 400.94403076171875 405.249114990234375 409.09326171875 412.263916015625 415.70782470703125 418.922210693359375 421.79315185546875 424.42950439453125 427.459716796875 430.478668212890625 432.841278076171875 435.427734375 437.37982177734375 439.8009033203125 442.65155029296875
321.74462890625 321.301361083984375 319.65435791015625 318.180999755859375 317.824676513671875 318.7655029296875 318.266571044921875 318.22509765625 319.068023681640625 321.28564453125 323.32147216796875 325.645599365234375 327.63934326171875 331.46405029296875 338.077545166015625 342.92132568359375 347.268218994140625 351.7479248046875 356.392822265625 361.0157470703125 366.193511962890625 369.884979248046875 373.95269775390625 378.49334716796875 383.501007080078125 388.410308837890625 392.584442138671875 396.43084716796875 402.132293701171875 405.968505859375 410.0457763671875 413.688446044921875 416.861724853515625 420.8089599609375 423.531585693359375 425.89471435546875 429.4901123046875 432.080780029296875 434.55291748046875 437.540283203125 439.759002685546875 442.08148193359375 443.741546630859375
322.322418212890625 320.815948486328125 319.453155517578125 317.601318359375 317.575653076171875 319.295257568359375 319.6141357421875 318.604888916015625 319.61944580078125 321.627716064453125 322.856964111328125 325.916717529296875 328.851806640625 331.318817138671875 337.179931640625 342.937469482421875 347.553436279296875 350.940582275390625 355.8123779296875 360.60357666015625 365.1778564453125 369.943450927734375 374.158966064453125 378.66796875 383.109649658203125 387.765625 392.339599609375 396.81719970703125 401.690093994140625 406.49932861328125 410.722808837890625 414.87921142578125 419.19970703125 422.700225830078125 425.5543212890625 428.618377685546875 431.51788330078125 433.804718017578125 437.355804443359375 439.035400390625 440.486053466796875 442.793670654296875 444.6964111328125
321.6290283203125 320.208038330078125 318.175872802734375 317.462310791015625 318.6806640625 321.1229248046875 322.221160888671875 321.27850341796875 321.480224609375 322.78900146484375 324.13873291015625 326.9649658203125 330.758148193359375 333.531890869140625 336.320556640625 342.365234375 347.0289306640625 351.572021484375 356.527587890625 360.273590087890625 364.6630859375 369.45635986328125 373.7137451171875 378.250030517578125 382.061614990234375 386.634246826171875 391.475006103515625 396.633819580078125 401.72357177734375 407.876251220703125 413.144561767578125 416.3446044921875 420.48553466796875 424.168121337890625 426.788482666015625 429.634613037109375 432.671783447265625 435.323486328125 437.862762451171875 438.893035888671875 440.392364501953125 442.998870849609375 445.130096435546875
323.149322509765625 322.259185791015625 317.427093505859375 315.400970458984375 316.92852783203125 320.51190185546875 322.74285888671875 322.986572265625 323.17730712890625 325.02117919921875 325.416748046875 327.292999267578125 331.13287353515625 334.384368896484375 336.867401123046875 342.105560302734375 345.942626953125 350.304229736328125 354.9349365234375 359.502105712890625 363.43536376953125 367.48687744140625 372.012420654296875 376.7850341796875 380.61279296875 385.30352783203125 391.251251220703125 397.456787109375 402.972137451171875 408.462615966796875 412.925201416015625 416.645263671875 419.8201904296875 422.860015869140625 426.5338134765625 429.65179443359375 432.8140869140625 435.813140869140625 437.47613525390625 439.669342041015625 441.690032958984375 443.299163818359375 445.163726806640625
326.123443603515625 323.142364501953125 317.04669189453125 315.312774658203125 317.013519287109375 320.20404052734375 322.48944091796875 324.221160888671875 325.435028076171875 326.258636474609375 327.7919921875 328.384368896484375 331.132965087890625 336.040313720703125 338.98956298828125 341.8858642578125 345.926666259765625 350.227935791015625 354.8680419921875 359.28887939453125 362.16839599609375 365.683990478515625 370.836334228515625 374.9332275390625 379.435272216796875 384.7684326171875 390.956817626953125 396.497955322265625 401.903350830078125 407.390045166015625 412.79229736328125 416.450531005859375 419.2135009765625 422.083831787109375 426.017974853515625 429.288818359375 432.472686767578125 435.340087890625 437.42315673828125 439.8304443359375 442.3233642578125 443.939422607421875 445.59649658203125
332.816497802734375 330.3909912109375 323.43914794921875 318.857635498046875 320.673614501953125 322.8773193359375 325.467926025390625 326.471038818359375 326.907806396484375 326.5555419921875 328.779022216796875 330.735870361328125 333.01104736328125 335.782257080078125 339.507080078125 343.234161376953125 346.519927978515625 350.15814208984375 354.6534423828125 358.651153564453125 362.008758544921875 364.274627685546875 369.10101318359375 373.605194091796875 378.091522216796875 383.29034423828125 388.533050537109375 394.20147705078125 399.59979248046875 405.574920654296875 410.946441650390625 414.700439453125 418.3868408203125 422.031463623046875 425.369781494140625 428.8953857421875 432.2672119140625 434.974090576171875 437.134368896484375 439.694183349609375 443.086181640625 445.090667724609375 446.580047607421875
338.29827880859375 333.627899169921875 328.172119140625 323.68023681640625 324.524200439453125 325.84320068359375 327.12908935546875 326.73388671875 328.67022705078125 329.48028564453125 329.834991455078125 331.914642333984375 334.985870361328125 338.429840087890625 342.855377197265625 345.56829833984375 346.0458984375 349.128173828125 353.30108642578125 358.449920654296875 362.03033447265625 364.157562255859375 368.872222900390625 373.090423583984375 377.380218505859375 381.90496826171875 386.3763427734375 392.446929931640625 399.68328857421875 405.10748291015625 410.0845947265625 414.686737060546875 419.39056396484375 422.789794921875 426.514404296875 429.888458251953125 432.833221435546875 434.270172119140625 436.7254638671875 438.333282470703125 441.76934814453125 445.150054931640625 446.580047607421875
330.387725830078125 329.651519775390625 330.4766845703125 328.80072021484375 327.46380615234375 327.46978759765625 328.46722412109375 328.21124267578125 329.73638916015625 331.075775146484375 331.69146728515625 334.032073974609375 337.28692626953125 340.5166015625 344.165863037109375 346.38946533203125 346.90667724609375 350.841064453125 355.81158447265625 359.832977294921875 362.436676025390625 366.614410400390625 371.080322265625 374.483795166015625 378.0032958984375 381.622894287109375 386.445709228515625 392.0072021484375 398.621734619140625 404.30059814453125 409.984466552734375 414.03143310546875 417.9501953125 421.48699951171875 425.4945068359375 429.172698974609375 432.499298095703125 434.367706298828125 436.98260498046875 438.19012451171875 440.003997802734375 441.6656494140625 444.68145751953125
331.06939697265625 329.39532470703125 330.127410888671875 330.10980224609375 328.169189453125 327.800506591796875 329.74468994140625 331.02569580078125 332.903594970703125 335.049041748046875 337.19873046875 338.2821044921875 339.944427490234375 342.838287353515625 346.1719970703125 348.993621826171875 352.616973876953125 354.810455322265625 358.652618408203125 361.682403564453125 364.650421142578125 368.74139404296875 371.27728271484375 373.638427734375 377.860198974609375 381.8250732421875 386.980987548828125 393.296112060546875 398.385711669921875 403.77899169921875 407.767669677734375 413.03912353515625 417.18365478515625 421.004150390625 424.5849609375 428.753875732421875 430.8458251953125 433.155731201171875 435.335418701171875 438.403961181640625 440.60345458984375 442.511383056640625 445.32220458984375
332.673583984375 332.5340576171875 333.18475341796875 332.5242919921875 332.24102783203125 333.2021484375 333.17333984375 333.996612548828125 336.71807861328125 338.986175537109375 341.711761474609375 342.45562744140625 343.99005126953125 347.5538330078125 350.597503662109375 352.795684814453125 355.617584228515625 358.58331298828125 360.8333740234375 363.198089599609375 367.031890869140625 369.95269775390625 372.433197021484375 373.797576904296875 377.892181396484375 382.567230224609375 389.21490478515625 394.86602783203125 399.17889404296875 404.2205810546875 407.76007080078125 412.17767333984375 416.332275390625 419.7801513671875 424.075408935546875 428.545684814453125 431.206695556640625 433.638336181640625 435.041107177734375 437.742950439453125 439.828338623046875 442.137176513671875 444.42999267578125
336.07464599609375 336.778045654296875 334.796295166015625 335.013916015625 335.713897705078125 336.774169921875 337.35797119140625 338.16107177734375 340.25323486328125 341.628509521484375 344.267425537109375 346.328033447265625 348.206451416015625 350.482696533203125 353.880462646484375 356.044921875 357.497894287109375 359.600372314453125 362.6368408203125 365.0887451171875 369.321075439453125 373.391265869140625 375.427154541015625 377.10760498046875 380.253265380859375 386.339111328125 392.27337646484375 396.48016357421875 400.674591064453125 405.453704833984375 410.02471923828125 414.30950927734375 416.1495361328125 418.6905517578125 423.22222900390625 427.29046630859375 431.2093505859375 433.626312255859375 434.79364013671875 437.30865478515625 439.7606201171875 441.52099609375 444.7900390625
341.87432861328125 340.99969482421875 339.505523681640625 338.423858642578125 339.053558349609375 341.24102783203125 342.0977783203125 343.134246826171875 345.037750244140625 346.483489990234375 347.218536376953125 347.634429931640625 347.974945068359375 350.90924072265625 355.94427490234375 358.82000732421875 360.54852294921875 362.915130615234375 364.872772216796875 368.35418701171875 371.993896484375 374.81646728515625 376.661468505859375 378.872772216796875 382.918212890625 390.042877197265625 395.67156982421875 399.289276123046875 403.14447021484375 407.24859619140625 411.61846923828125 415.125762939453125 418.462677001953125 421.733856201171875 425.508209228515625 429.337432861328125 431.816619873046875 433.62066650390625 435.948699951171875 437.27935791015625 439.79833984375 440.71051025390625 444.459381103515625
