geoid/ascii _raster_file/WGM20212Last.asc
ncols        150
nrows        270
xllcorner    40.000000000000
yllcorner    -35.000000000000
cellsize     0.100000000000
NODATA_value  -9999
[rows 0 to 18 of 270, columns 43 to 85 of 150]
389.499267578125 393.08319091796875 394.07025146484375 394.426055908203125 393.14208984375 393.828582763671875 394.702117919921875 395.477813720703125 394.471038818359375 392.50396728515625 390.59124755859375 388.190582275390625 389.304931640625 388.053955078125 382.0206298828125 374.797637939453125 370.3670654296875 364.920379638671875 356.989013671875 354.40521240234375 352.94683837890625 352.04522705078125 356.0164794921875 363.386322021484375 372.5301513671875 380.197906494140625 385.411895751953125 385.212799072265625 379.30889892578125 369.619903564453125 368.05511474609375 369.252716064453125 370.855560302734375 375.455413818359375 376.0384521484375 373.797760009765625 372.265350341796875 376.52850341796875 383.0084228515625 387.332794189453125 392.755615234375 399.2257080078125 404.60504150390625
391.842254638671875 394.90814208984375 394.78472900390625 395.03912353515625 394.70587158203125 394.159149169921875 394.724700927734375 395.7159423828125 394.185394287109375 391.054534912109375 388.974090576171875 387.352752685546875 386.283050537109375 384.240936279296875 382.383148193359375 378.77349853515625 376.247406005859375 371.36041259765625 361.56842041015625 352.928558349609375 350.199951171875 352.9613037109375 358.075775146484375 364.31640625 374.263214111328125 379.821319580078125 380.049896240234375 374.399200439453125 368.128631591796875 364.10986328125 363.34619140625 362.757171630859375 363.325408935546875 366.81585693359375 369.4739990234375 372.302520751953125 375.58056640625 379.280029296875 384.2640380859375 390.038665771484375 395.79583740234375 401.859771728515625 407.302093505859375
393.877655029296875 396.503814697265625 397.2479248046875 396.378692626953125 395.351959228515625 394.040283203125 393.66461181640625 394.862060546875 393.321044921875 389.373321533203125 388.03802490234375 385.807769775390625 383.821380615234375 380.973388671875 378.70001220703125 375.398040771484375 372.28204345703125 370.3837890625 364.62646484375 354.168731689453125 350.311981201171875 354.878509521484375 359.759979248046875 367.074737548828125 374.197418212890625 377.575592041015625 374.987548828125 367.929779052734375 362.786346435546875 358.68231201171875 358.9215087890625 360.034393310546875 360.771728515625 363.448089599609375 366.7740478515625 371.3011474609375 375.98919677734375 380.52191162109375 384.489837646484375 389.69921875 396.244354248046875 403.358306884765625 407.872772216796875
393.203765869140625 396.283905029296875 396.7933349609375 396.411529541015625 396.05902099609375 395.726043701171875 394.85791015625 394.592254638671875 393.031646728515625 389.810943603515625 387.432037353515625 384.981475830078125 382.871673583984375 379.622283935546875 373.673736572265625 367.758392333984375 365.08062744140625 364.206024169921875 365.377197265625 361.766357421875 360.424957275390625 359.555816650390625 361.5125732421875 368.239410400390625 373.52838134765625 374.001312255859375 371.12982177734375 366.800018310546875 361.8946533203125 358.103790283203125 357.81744384765625 360.92291259765625 359.525482177734375 362.18505859375 363.544097900390625 367.997314453125 371.636810302734375 377.0726318359375 383.869140625 390.79071044921875 398.75604248046875 403.802093505859375 409.313140869140625
391.82330322265625 395.911529541015625 396.9239501953125 395.23126220703125 395.179534912109375 395.44891357421875 395.600128173828125 394.8375244140625 393.02471923828125 390.30010986328125 387.818756103515625 385.241943359375 382.32476806640625 377.9747314453125 371.823638916015625 365.6669921875 362.150482177734375 359.9840087890625 362.040740966796875 360.78253173828125 361.239654541015625 358.933837890625 359.03216552734375 361.288177490234375 363.375091552734375 363.9404296875 365.39532470703125 368.832244873046875 370.1883544921875 368.76434326171875 364.754913330078125 360.633697509765625 357.61907958984375 357.00946044921875 358.291168212890625 363.329742431640625 368.88714599609375 374.517333984375 383.713897705078125 391.4241943359375 400.146697998046875 405.89508056640625 412.341644287109375
390.934417724609375 394.226776123046875 396.373260498046875 395.114959716796875 394.617279052734375 394.84912109375 395.616851806640625 394.5462646484375 393.051422119140625 391.3660888671875 389.128753662109375 385.46942138671875 380.89422607421875 377.4149169921875 372.74383544921875 366.38494873046875 361.463134765625 357.501617431640625 358.3829345703125 357.589141845703125 357.285614013671875 352.6368408203125 351.023284912109375 352.9759521484375 356.722564697265625 359.16204833984375 362.804534912109375 369.329315185546875 372.319488525390625 370.20001220703125 363.440673828125 356.877197265625 352.149993896484375 355.12847900390625 357.391082763671875 362.220123291015625 368.218963623046875 377.2613525390625 385.679718017578125 392.569091796875 399.849365234375 407.31207275390625 413.253753662109375
389.248321533203125 391.603302001953125 394.219207763671875 394.785430908203125 394.105133056640625 393.38726806640625 395.70111083984375 395.376983642578125 393.807708740234375 391.65765380859375 389.408721923828125 386.90484619140625 383.28997802734375 379.592620849609375 373.698089599609375 367.256561279296875 361.78076171875 356.55059814453125 353.397552490234375 350.995269775390625 350.400604248046875 348.94256591796875 348.345245361328125 351.1466064453125 358.5816650390625 362.390167236328125 369.701812744140625 375.2974853515625 375.098907470703125 372.926513671875 368.3460693359375 366.229339599609375 363.794281005859375 361.4281005859375 361.282012939453125 365.527862548828125 370.955780029296875 379.319305419921875 388.105804443359375 394.472503662109375 400.960205078125 408.79925537109375 415.3226318359375
387.65966796875 389.650299072265625 392.584564208984375 393.512542724609375 393.222747802734375 392.95306396484375 395.47308349609375 394.88214111328125 394.231781005859375 392.164642333984375 388.745269775390625 387.61328125 383.677490234375 379.81060791015625 375.049468994140625 369.535797119140625 363.606903076171875 358.0220947265625 352.35247802734375 349.108734130859375 346.7647705078125 348.27447509765625 349.46356201171875 353.08612060546875 360.069305419921875 365.27862548828125 368.570709228515625 372.151275634765625 377.30682373046875 381.383544921875 382.6348876953125 382.4735107421875 374.9993896484375 366.31805419921875 365.212127685546875 368.85150146484375 375.310089111328125 382.809356689453125 390.359893798828125 396.6090087890625 403.390167236328125 410.075347900390625 416.699676513671875
386.429656982421875 388.8197021484375 391.537872314453125 392.32275390625 392.211395263671875 392.13836669921875 393.738372802734375 394.21990966796875 393.715240478515625 391.671844482421875 389.749114990234375 388.750823974609375 385.61871337890625 381.47247314453125 376.907806396484375 372.387176513671875 366.81781005859375 361.14801025390625 355.41058349609375 350.06402587890625 348.403717041015625 351.08526611328125 351.586090087890625 354.307708740234375 360.81427001953125 365.946533203125 364.11102294921875 370.461273193359375 380.97735595703125 387.444915771484375 387.139801025390625 382.879425048828125 374.001434326171875 368.43798828125 368.253021240234375 372.663299560546875 379.33905029296875 386.321624755859375 393.190887451171875 399.013427734375 405.2724609375 411.274078369140625 418.2269287109375
384.919342041015625 387.574554443359375 390.7449951171875 391.174774169921875 390.555389404296875 390.328582763671875 391.19586181640625 392.181915283203125 392.826934814453125 390.675201416015625 389.253570556640625 388.294036865234375 386.580352783203125 382.802703857421875 378.81976318359375 374.78436279296875 370.224212646484375 364.710601806640625 360.305511474609375 355.579925537109375 352.001251220703125 351.86358642578125 355.514312744140625 355.955108642578125 361.4151611328125 367.74761962890625 362.738739013671875 371.369140625 381.172088623046875 377.722625732421875 375.07012939453125 374.18798828125 370.226593017578125 368.49078369140625 370.1419677734375 374.4969482421875 381.314117431640625 388.371002197265625 395.1805419921875 400.82464599609375 406.52734375 412.60223388671875 417.7633056640625
383.01458740234375 385.76483154296875 388.966033935546875 389.978118896484375 389.837646484375 388.975616455078125 389.09564208984375 390.5501708984375 391.26348876953125 390.0447998046875 389.42645263671875 388.884063720703125 387.586212158203125 385.123260498046875 381.50634765625 377.56671142578125 373.6640625 369.353973388671875 365.0701904296875 361.189422607421875 356.384307861328125 354.3062744140625 356.390228271484375 358.005218505859375 362.16180419921875 370.10540771484375 368.25433349609375 374.335479736328125 377.607208251953125 369.15325927734375 366.182373046875 366.168609619140625 367.74951171875 368.920684814453125 372.906402587890625 376.996673583984375 383.161865234375 388.885772705078125 394.7010498046875 402.062774658203125 407.270660400390625 412.344879150390625 416.904327392578125
381.3636474609375 384.135498046875 387.4744873046875 388.939971923828125 388.865997314453125 387.739532470703125 387.29443359375 388.76470947265625 389.460662841796875 389.498809814453125 390.021453857421875 389.424407958984375 388.236572265625 386.395355224609375 383.07098388671875 381.57635498046875 378.0814208984375 374.7999267578125 369.348419189453125 366.203582763671875 360.491790771484375 358.6783447265625 358.369415283203125 358.557861328125 360.72491455078125 371.58636474609375 379.77447509765625 380.39105224609375 373.978179931640625 366.010955810546875 363.0587158203125 364.11993408203125 367.01776123046875 370.346923828125 374.58135986328125 379.063507080078125 384.85443115234375 390.467742919921875 395.592010498046875 402.007080078125 408.04559326171875 413.243896484375 417.507415771484375
379.87030029296875 381.6788330078125 384.389312744140625 386.312164306640625 386.8223876953125 386.527130126953125 386.06207275390625 387.700408935546875 388.404144287109375 387.925384521484375 388.87896728515625 388.657501220703125 388.086456298828125 385.785186767578125 384.98223876953125 382.887786865234375 381.296783447265625 378.94696044921875 368.213409423828125 359.960479736328125 348.01678466796875 346.739105224609375 357.490936279296875 359.557891845703125 363.7740478515625 369.27911376953125 378.27789306640625 380.96099853515625 372.34954833984375 366.44921875 363.659942626953125 365.470733642578125 368.849029541015625 372.1656494140625 376.963592529296875 382.533294677734375 386.6158447265625 390.661865234375 396.511688232421875 402.659210205078125 408.07440185546875 413.196075439453125 416.29278564453125
377.241546630859375 379.66680908203125 382.878875732421875 384.46820068359375 385.087371826171875 384.489105224609375 384.479583740234375 386.463134765625 387.28466796875 387.609527587890625 387.81121826171875 387.358123779296875 388.086151123046875 387.040802001953125 386.573272705078125 384.988037109375 386.800506591796875 382.690887451171875 358.70904541015625 344.0125732421875 341.355438232421875 332.9884033203125 340.554718017578125 359.993072509765625 366.222015380859375 368.73876953125 374.113800048828125 375.4942626953125 371.788360595703125 368.819183349609375 367.18878173828125 368.6405029296875 372.927642822265625 377.545501708984375 383.262481689453125 386.32244873046875 388.96343994140625 392.32354736328125 396.8857421875 402.3433837890625 408.24346923828125 411.537078857421875 415.12298583984375
375.78717041015625 377.68792724609375 380.3284912109375 381.819671630859375 382.2301025390625 382.78314208984375 383.36279296875 384.37689208984375 385.41552734375 385.3797607421875 386.007354736328125 385.586212158203125 386.988861083984375 387.496124267578125 387.1728515625 386.90155029296875 389.94708251953125 388.558013916015625 376.058074951171875 354.088623046875 357.2393798828125 353.46014404296875 365.211761474609375 372.399505615234375 370.360992431640625 369.614471435546875 372.755340576171875 373.018096923828125 371.887176513671875 370.909698486328125 370.353729248046875 371.415435791015625 374.9920654296875 379.4801025390625 384.460968017578125 390.480194091796875 392.830902099609375 394.210601806640625 398.360137939453125 403.1226806640625 408.01910400390625 410.7340087890625 413.98345947265625
373.920135498046875 375.80224609375 378.492950439453125 379.8587646484375 379.960235595703125 379.94610595703125 380.90203857421875 382.473419189453125 383.58282470703125 384.224090576171875 385.124114990234375 384.0517578125 385.603240966796875 387.06402587890625 387.765167236328125 387.8193359375 390.4150390625 392.38348388671875 394.807098388671875 386.685089111328125 383.078643798828125 384.75762939453125 379.561248779296875 376.242034912109375 372.248748779296875 370.3809814453125 371.223358154296875 371.189483642578125 372.187225341796875 373.13970947265625 374.111480712890625 374.864013671875 372.733245849609375 377.449981689453125 386.66668701171875 392.3470458984375 393.9788818359375 396.322662353515625 398.823455810546875 403.621734619140625 406.607635498046875 411.40753173828125 413.737823486328125
372.241363525390625 374.118896484375 376.13116455078125 377.877532958984375 378.347015380859375 378.555511474609375 379.891204833984375 380.77313232421875 382.171173095703125 383.359893798828125 383.63629150390625 383.798309326171875 384.368743896484375 385.2188720703125 386.71051025390625 388.141937255859375 389.556488037109375 391.466644287109375 391.430389404296875 390.652313232421875 385.64093017578125 369.276031494140625 360.356201171875 372.35284423828125 372.65386962890625 370.02020263671875 370.756683349609375 371.217498779296875 373.24639892578125 373.839691162109375 374.870819091796875 370.5831298828125 369.52130126953125 374.038848876953125 388.477020263671875 392.772186279296875 394.5458984375 397.269317626953125 399.21124267578125 403.050628662109375 407.206756591796875 410.4105224609375 412.55902099609375
370.115081787109375 371.366485595703125 373.89764404296875 375.072967529296875 376.180145263671875 378.014617919921875 378.9217529296875 380.18389892578125 381.47998046875 382.15777587890625 382.39178466796875 383.035247802734375 383.96478271484375 384.03375244140625 385.51739501953125 385.7215576171875 387.087554931640625 388.317352294921875 389.12103271484375 386.883880615234375 385.847076416015625 376.384674072265625 371.351165771484375 376.1298828125 374.702728271484375 370.328125 371.224090576171875 372.020263671875 374.47698974609375 377.23980712890625 380.849151611328125 383.226531982421875 390.2513427734375 391.081207275390625 393.91363525390625 394.59814453125 395.14434814453125 396.73126220703125 399.00726318359375 402.5443115234375 406.328948974609375 408.72711181640625 411.743438720703125
369.63348388671875 370.05914306640625 372.176605224609375 373.16229248046875 374.14520263671875 376.616363525390625 377.48004150390625 378.4117431640625 379.59661865234375 380.609130859375 381.61248779296875 383.39447021484375 383.5936279296875 383.357086181640625 384.46258544921875 385.44659423828125 384.59857177734375 384.777496337890625 385.303253173828125 384.50347900390625 385.312713623046875 387.408935546875 388.957733154296875 384.46923828125 378.00738525390625 370.848114013671875 370.21478271484375 374.081787109375 376.773193359375 378.42291259765625 383.42034912109375 388.91802978515625 397.173583984375 397.6376953125 395.2176513671875 397.428131103515625 397.411834716796875 397.45001220703125 399.466583251953125 402.125701904296875 405.79388427734375 409.67999267578125 410.695343017578125
