geoid/ascii _raster_file/WGM20212Last.asc
ncols        150
nrows        270
xllcorner    40.000000000000
yllcorner    -35.000000000000
cellsize     0.100000000000
NODATA_value  -9999
[rows 114 to 132 of 270, columns 0 to 42 of 150]
302.2724609375 301.732086181640625 300.85601806640625 300.886077880859375 300.456207275390625 301.674468994140625 304.20538330078125 306.08428955078125 307.073028564453125 307.423187255859375 308.480499267578125 308.74737548828125 310.50555419921875 308.574462890625 305.4437255859375 302.53485107421875 295.47998046875 286.602783203125 278.864288330078125 276.24847412109375 277.39556884765625 280.931549072265625 285.87396240234375 290.8914794921875 294.06182861328125 295.704193115234375 292.135711669921875 287.62030029296875 280.723236083984375 271.878692626953125 263.099609375 254.8495025634765625 245.832672119140625 237.9469757080078125 231.534454345703125 224.9710693359375 215.5853118896484375 207.191986083984375 199.868316650390625 192.96722412109375 188.21893310546875 183.39892578125 179.249847412109375
304.27886962890625 303.868560791015625 303.21875 302.332275390625 302.27044677734375 303.07232666015625 304.843231201171875 306.45037841796875 307.096893310546875 308.0704345703125 309.521148681640625 310.987213134765625 310.50701904296875 307.860137939453125 305.295166015625 302.377777099609375 296.63055419921875 289.14971923828125 282.62994384765625 279.34271240234375 280.765380859375 281.548065185546875 285.580902099609375 290.03326416015625 293.804656982421875 293.347991943359375 289.044647216796875 284.06988525390625 278.97650146484375 270.3140869140625 260.957916259765625 253.3128662109375 244.8258209228515625 236.7332763671875 229.53271484375 223.3381805419921875 215.835235595703125 208.30499267578125 201.1254730224609375 193.4929962158203125 190.062225341796875 184.8579559326171875 179.483795166015625
306.046051025390625 305.523529052734375 305.288604736328125 304.6595458984375 303.879730224609375 304.397125244140625 305.7266845703125 307.462982177734375 307.77056884765625 308.323333740234375 309.842926025390625 310.20294189453125 309.3153076171875 306.410491943359375 304.9798583984375 303.268096923828125 300.16485595703125 292.66693115234375 285.471954345703125 281.5604248046875 282.367584228515625 282.67095947265625 285.41448974609375 289.10186767578125 292.7100830078125 291.4639892578125 286.510223388671875 281.694091796875 275.69635009765625 268.2294921875 259.905181884765625 251.658905029296875 243.0874176025390625 234.7798004150390625 227.8907012939453125 221.530517578125 215.003692626953125 207.7660369873046875 199.5264434814453125 192.382720947265625 190.9109039306640625 187.4222412109375 182.7259674072265625
306.3092041015625 306.3948974609375 306.390411376953125 305.94537353515625 305.872467041015625 305.870941162109375 306.7137451171875 307.7764892578125 308.296051025390625 308.50396728515625 309.73828125 308.563262939453125 309.100921630859375 307.67974853515625 307.996856689453125 307.661346435546875 303.31231689453125 295.97259521484375 289.110443115234375 285.08673095703125 284.176666259765625 284.754913330078125 285.685028076171875 289.7132568359375 291.81549072265625 290.099365234375 284.66156005859375 279.42999267578125 273.03515625 265.9056396484375 257.80255126953125 249.90826416015625 241.66888427734375 232.9467010498046875 226.448699951171875 220.349151611328125 213.098175048828125 206.6261444091796875 198.602203369140625 191.837890625 190.665496826171875 190.5610809326171875 190.1461029052734375
306.09039306640625 306.251708984375 305.768280029296875 306.740936279296875 306.51708984375 306.37054443359375 307.791107177734375 307.878875732421875 308.812957763671875 308.88568115234375 310.511505126953125 309.760528564453125 308.9432373046875 309.326507568359375 310.865966796875 311.33984375 305.85870361328125 299.643402099609375 292.49920654296875 288.44952392578125 285.745086669921875 284.47906494140625 285.763214111328125 289.974639892578125 291.5404052734375 288.09619140625 283.215179443359375 277.13995361328125 271.099456787109375 263.358184814453125 255.018035888671875 247.755035400390625 239.3037872314453125 230.8903656005859375 224.3838653564453125 218.18194580078125 211.8911590576171875 206.2796783447265625 199.3282470703125 191.5941162109375 191.6945648193359375 194.2119140625 198.73095703125
305.3311767578125 306.76788330078125 307.1390380859375 307.836334228515625 307.88592529296875 308.51336669921875 309.444915771484375 309.438446044921875 309.801971435546875 310.243408203125 311.794586181640625 311.90130615234375 310.098968505859375 311.19537353515625 311.9461669921875 312.8382568359375 309.557769775390625 303.231475830078125 295.492401123046875 291.524993896484375 289.031097412109375 285.38104248046875 285.636505126953125 288.762542724609375 288.5125732421875 285.096649169921875 279.94110107421875 274.566741943359375 268.358367919921875 260.98193359375 252.749359130859375 245.648681640625 237.0619964599609375 229.9955596923828125 222.2384185791015625 216.1498565673828125 210.8766937255859375 205.8568572998046875 199.915435791015625 191.4134368896484375 191.681427001953125 194.8115386962890625 200.756500244140625
306.76275634765625 308.0513916015625 308.951812744140625 309.7149658203125 309.612823486328125 311.21954345703125 311.410888671875 311.742950439453125 312.165863037109375 313.5028076171875 312.86053466796875 312.189788818359375 311.978729248046875 311.447723388671875 311.10595703125 313.31207275390625 313.26385498046875 307.425567626953125 299.48260498046875 294.25604248046875 292.61871337890625 288.6390380859375 287.0352783203125 286.797576904296875 285.5242919921875 282.802581787109375 277.4005126953125 272.296295166015625 265.743865966796875 258.97308349609375 250.3107147216796875 242.945526123046875 234.6897735595703125 227.856414794921875 220.7139892578125 214.55938720703125 208.974884033203125 205.1250152587890625 199.642364501953125 193.1336212158203125 191.750823974609375 194.021148681640625 197.7435760498046875
309.375274658203125 309.57830810546875 310.404998779296875 311.40606689453125 312.388641357421875 313.910491943359375 314.121734619140625 314.96844482421875 315.244842529296875 315.29034423828125 313.851531982421875 312.869384765625 311.569000244140625 310.45709228515625 311.5467529296875 313.6900634765625 316.29766845703125 311.58306884765625 302.2020263671875 297.461090087890625 294.36285400390625 291.609375 289.4786376953125 286.625213623046875 283.6435546875 280.25909423828125 275.476470947265625 270.240264892578125 263.980926513671875 256.938385009765625 248.549896240234375 240.7109832763671875 232.628692626953125 225.142181396484375 219.3975830078125 212.747833251953125 208.211883544921875 204.2578887939453125 198.4739532470703125 192.926483154296875 192.1186370849609375 195.4972076416015625 199.5058746337890625
310.959747314453125 311.295135498046875 313.37799072265625 313.890655517578125 315.004913330078125 317.65850830078125 318.4945068359375 318.8109130859375 318.793243408203125 318.6517333984375 317.4664306640625 314.53582763671875 312.486297607421875 311.45880126953125 312.767913818359375 314.72906494140625 316.361358642578125 313.858551025390625 306.001678466796875 300.560943603515625 297.827667236328125 295.452362060546875 291.918548583984375 288.903533935546875 284.920989990234375 280.42852783203125 274.4776611328125 269.166748046875 261.952545166015625 254.3688507080078125 246.0732269287109375 238.500213623046875 230.8242950439453125 223.477020263671875 216.906005859375 211.5417633056640625 208.0110931396484375 203.0011444091796875 197.283294677734375 192.1572265625 192.4763031005859375 197.5377349853515625 203.815673828125
312.7574462890625 314.451416015625 316.22607421875 317.55023193359375 318.365814208984375 320.6097412109375 321.637298583984375 320.6710205078125 320.534332275390625 320.052764892578125 317.7923583984375 314.968048095703125 314.313812255859375 313.692626953125 313.874267578125 315.407470703125 316.012664794921875 314.003082275390625 309.372894287109375 305.180328369140625 301.98797607421875 299.0341796875 295.392852783203125 291.665863037109375 285.5667724609375 279.5633544921875 273.3544921875 267.959228515625 259.9853515625 253.0254974365234375 244.7120819091796875 237.080841064453125 228.540252685546875 222.1731109619140625 215.8424530029296875 210.9486541748046875 206.2135772705078125 200.96136474609375 194.0459747314453125 189.5217132568359375 192.0702667236328125 195.5780029296875 199.4957733154296875
315.342437744140625 317.397430419921875 318.188812255859375 320.224853515625 321.851226806640625 323.03045654296875 323.91845703125 323.718170166015625 323.468536376953125 322.56494140625 319.039703369140625 316.669036865234375 317.245941162109375 316.889129638671875 316.584014892578125 317.06256103515625 317.464630126953125 317.2813720703125 313.311126708984375 309.4219970703125 306.480194091796875 303.551055908203125 298.5517578125 293.396148681640625 287.720367431640625 280.42529296875 272.371429443359375 265.44915771484375 258.64605712890625 250.789703369140625 241.4124908447265625 233.9040069580078125 226.633087158203125 219.791046142578125 214.68658447265625 209.6992645263671875 205.0560760498046875 197.9889678955078125 190.6178436279296875 190.4931640625 188.8933563232421875 190.3032073974609375 190.325836181640625
318.878692626953125 320.07574462890625 321.00445556640625 322.492706298828125 324.44146728515625 325.4227294921875 325.892120361328125 325.896514892578125 325.868133544921875 325.52117919921875 323.312957763671875 321.192657470703125 320.3609619140625 320.141876220703125 320.72845458984375 320.5465087890625 320.34246826171875 320.708587646484375 317.140472412109375 313.25408935546875 309.67852783203125 306.360198974609375 301.555084228515625 295.678009033203125 288.804840087890625 280.868499755859375 271.999114990234375 263.66650390625 258.02801513671875 249.3084259033203125 239.9130706787109375 231.0075225830078125 224.45599365234375 217.9853057861328125 213.16778564453125 209.4103546142578125 203.8019256591796875 196.37286376953125 191.3061676025390625 189.4086456298828125 183.8047637939453125 183.165985107421875 180.1794891357421875
321.722747802734375 322.458221435546875 323.240966796875 325.395263671875 326.967010498046875 327.33587646484375 327.484222412109375 328.151458740234375 329.21014404296875 328.36322021484375 326.2137451171875 324.7552490234375 324.314300537109375 323.641204833984375 324.060943603515625 323.9549560546875 324.160980224609375 324.538116455078125 320.712921142578125 315.880584716796875 310.948211669921875 307.52056884765625 303.83203125 298.233428955078125 289.823699951171875 281.405853271484375 272.473541259765625 264.07647705078125 256.205657958984375 249.1709136962890625 239.9117279052734375 230.18707275390625 222.9986572265625 216.7691497802734375 212.357635498046875 209.5830535888671875 202.4905853271484375 194.0938262939453125 190.9188690185546875 187.9294891357421875 183.831787109375 178.7393646240234375 174.1189422607421875
324.053497314453125 324.947113037109375 326.530487060546875 327.503875732421875 329.164306640625 329.482452392578125 329.7119140625 330.342803955078125 330.86322021484375 329.69537353515625 329.001953125 327.850250244140625 326.5662841796875 326.396270751953125 326.866943359375 327.707916259765625 326.83197021484375 325.186676025390625 322.078704833984375 317.2342529296875 311.56536865234375 308.06683349609375 304.821807861328125 298.7655029296875 290.995697021484375 283.346405029296875 272.233795166015625 265.312957763671875 256.041961669921875 248.1277618408203125 239.1567840576171875 229.91229248046875 220.9146575927734375 215.9062347412109375 211.4210357666015625 208.7971649169921875 201.7259368896484375 192.84765625 191.9405059814453125 187.8503875732421875 182.824249267578125 176.6311492919921875 173.0260162353515625
326.019134521484375 325.9337158203125 328.3551025390625 329.318115234375 330.839813232421875 331.622467041015625 331.506683349609375 332.5281982421875 332.352630615234375 332.631805419921875 331.312774658203125 329.987548828125 329.304168701171875 329.04022216796875 328.594512939453125 328.811859130859375 328.941375732421875 326.6793212890625 322.006866455078125 317.1146240234375 310.944580078125 306.595855712890625 302.533660888671875 298.508758544921875 292.575897216796875 284.630096435546875 274.554443359375 266.24420166015625 256.9251708984375 249.323455810546875 240.239654541015625 230.419708251953125 222.1273040771484375 216.35162353515625 212.0482940673828125 209.1691131591796875 200.9806365966796875 193.9846038818359375 191.171112060546875 186.25146484375 180.4027252197265625 175.4570770263671875 172.4544525146484375
325.3917236328125 327.161224365234375 328.911865234375 330.427978515625 333.434234619140625 333.6849365234375 333.25286865234375 335.258697509765625 335.02410888671875 333.7427978515625 332.40081787109375 332.02777099609375 330.8695068359375 329.74835205078125 329.742218017578125 329.716064453125 328.67108154296875 324.967529296875 321.055145263671875 315.71844482421875 310.321624755859375 305.9071044921875 300.26434326171875 297.044342041015625 293.142974853515625 286.1890869140625 276.664306640625 267.705291748046875 259.6534423828125 251.6769866943359375 242.3190765380859375 231.1319732666015625 223.786956787109375 214.8491668701171875 211.9044952392578125 208.209991455078125 199.7526397705078125 194.6089935302734375 189.6764678955078125 185.0381927490234375 179.15643310546875 174.6454925537109375 172.074127197265625
324.950286865234375 326.418792724609375 328.51953125 330.161529541015625 333.594085693359375 334.732574462890625 334.23095703125 335.913330078125 336.193267822265625 334.5316162109375 334.027801513671875 333.379974365234375 331.7481689453125 330.444122314453125 330.746368408203125 329.77386474609375 328.4949951171875 323.89508056640625 320.40704345703125 316.05438232421875 311.33575439453125 306.73675537109375 301.596954345703125 297.502777099609375 292.931640625 286.9708251953125 279.00103759765625 270.45098876953125 263.273529052734375 255.122222900390625 244.6781768798828125 233.3148345947265625 224.722564697265625 214.338714599609375 210.597930908203125 202.0052490234375 196.9837188720703125 191.579925537109375 190.639312744140625 187.195587158203125 181.736114501953125 176.750701904296875 171.9870452880859375
323.387451171875 326.29315185546875 329.4073486328125 331.27276611328125 334.31951904296875 336.168670654296875 335.847564697265625 336.018280029296875 336.919189453125 335.672149658203125 334.672027587890625 333.481292724609375 333.369049072265625 333.055633544921875 332.64764404296875 330.836273193359375 328.04974365234375 322.46319580078125 319.810699462890625 316.770538330078125 313.33587646484375 310.574249267578125 306.813812255859375 301.7896728515625 295.6552734375 290.893402099609375 285.0350341796875 276.753326416015625 266.81817626953125 257.20501708984375 246.743560791015625 235.435028076171875 223.4145660400390625 213.9408416748046875 206.627166748046875 198.1005096435546875 199.6107330322265625 192.9544830322265625 194.49554443359375 192.2044219970703125 187.4347381591796875 181.408416748046875 173.895233154296875
323.233428955078125 325.295806884765625 328.18621826171875 331.711517333984375 333.78692626953125 334.785369873046875 336.05291748046875 336.235565185546875 336.90106201171875 336.823516845703125 335.162445068359375 334.1099853515625 333.376556396484375 333.808258056640625 333.352783203125 330.991455078125 325.854949951171875 322.645904541015625 320.55743408203125 318.46856689453125 315.637054443359375 313.313873291015625 311.4495849609375 306.303558349609375 301.685791015625 295.846466064453125 289.97393798828125 282.351043701171875 273.092620849609375 261.099090576171875 249.4734344482421875 238.15606689453125 225.36529541015625 213.3413543701171875 202.78094482421875 203.31353759765625 202.3345489501953125 198.6536712646484375 197.493499755859375 195.5653839111328125 191.7233428955078125 185.395294189453125 176.33233642578125
