geoid/ascii _raster_file/WGM20212Last.asc
ncols        150
nrows        270
xllcorner    40.000000000000
yllcorner    -35.000000000000
cellsize     0.100000000000
NODATA_value  -9999
[rows 209 to 227 of 270, columns 0 to 42 of 150]
457.92657470703125 459.3922119140625 460.25799560546875 461.07183837890625 461.56170654296875 462.672607421875 462.75408935546875 463.06695556640625 463.561248779296875 464.152130126953125 463.504425048828125 462.276123046875 462.292816162109375 462.537353515625 460.493804931640625 459.1810302734375 457.438507080078125 455.895477294921875 453.7645263671875 451.852996826171875 450.44720458984375 449.043975830078125 446.0233154296875 443.12255859375 438.841400146484375 435.677398681640625 431.633209228515625 426.787353515625 421.612884521484375 416.314483642578125 410.220458984375 405.3094482421875 399.22515869140625 393.016326904296875 386.516021728515625 380.262451171875 374.737213134765625 371.4571533203125 369.597381591796875 366.842132568359375 362.765594482421875 358.35498046875 354.076416015625
459.4088134765625 460.34930419921875 460.874420166015625 461.2347412109375 462.730010986328125 462.5238037109375 462.5245361328125 463.45574951171875 463.870758056640625 464.213348388671875 463.104461669921875 462.02557373046875 461.857879638671875 462.26556396484375 460.47637939453125 458.82659912109375 457.0880126953125 455.888427734375 453.993499755859375 452.1414794921875 449.5408935546875 447.877716064453125 445.244781494140625 441.65399169921875 438.1636962890625 433.869293212890625 429.7144775390625 424.529327392578125 418.937835693359375 413.730926513671875 407.9390869140625 402.21142578125 396.884552001953125 389.97503662109375 383.20001220703125 377.73321533203125 372.5029296875 368.101837158203125 364.5162353515625 362.344329833984375 360.858551025390625 356.9610595703125 354.563507080078125
460.950653076171875 461.162445068359375 461.361480712890625 461.737091064453125 462.917266845703125 462.65179443359375 463.118865966796875 464.83453369140625 464.34942626953125 464.5032958984375 462.779052734375 461.78448486328125 461.863555908203125 461.91796875 460.78082275390625 458.634918212890625 456.880615234375 455.06591796875 453.322357177734375 451.259735107421875 449.33380126953125 447.082183837890625 444.300445556640625 440.168914794921875 436.98394775390625 432.816650390625 428.218414306640625 422.56109619140625 417.18408203125 411.560089111328125 405.840362548828125 399.858612060546875 393.9354248046875 386.655670166015625 379.352386474609375 374.414520263671875 369.268463134765625 364.6746826171875 361.097991943359375 359.2073974609375 359.828765869140625 358.817962646484375 356.845855712890625
462.930633544921875 462.7269287109375 462.455718994140625 462.515625 462.425933837890625 462.960662841796875 463.085693359375 464.78228759765625 465.403045654296875 464.549102783203125 463.579833984375 462.497467041015625 462.314544677734375 462.311065673828125 460.93402099609375 458.637939453125 457.014434814453125 455.074249267578125 453.599853515625 449.95806884765625 448.659027099609375 446.585540771484375 443.11126708984375 439.575103759765625 435.829498291015625 431.2774658203125 426.426116943359375 420.938873291015625 415.563262939453125 410.174713134765625 403.82977294921875 397.3416748046875 391.19732666015625 384.813934326171875 378.49444580078125 373.945526123046875 368.8177490234375 364.87591552734375 360.887725830078125 358.59906005859375 359.867919921875 361.93280029296875 360.306640625
464.427490234375 464.50335693359375 464.479339599609375 464.09808349609375 462.798980712890625 463.236663818359375 463.82708740234375 464.88262939453125 466.202117919921875 465.204559326171875 463.763824462890625 463.088714599609375 462.6820068359375 462.534515380859375 460.836883544921875 459.0914306640625 456.6181640625 454.876922607421875 452.820343017578125 450.388031005859375 447.83917236328125 445.84771728515625 442.60205078125 438.831390380859375 434.910675048828125 429.819122314453125 425.315887451171875 419.821868896484375 414.54840087890625 408.905517578125 402.234893798828125 395.1556396484375 389.334014892578125 384.205657958984375 379.194976806640625 373.11993408203125 369.016632080078125 364.355926513671875 361.83514404296875 360.45867919921875 361.68109130859375 363.856170654296875 361.727142333984375
465.6497802734375 466.273956298828125 466.10699462890625 465.428955078125 465.1053466796875 464.692413330078125 464.7203369140625 465.5418701171875 467.311676025390625 466.06787109375 464.00555419921875 463.331451416015625 463.16973876953125 462.61285400390625 460.9627685546875 458.843994140625 456.830535888671875 455.239166259765625 451.907806396484375 449.40997314453125 448.415618896484375 444.853302001953125 442.321136474609375 438.99713134765625 435.098785400390625 430.060302734375 424.7059326171875 418.9893798828125 413.442413330078125 407.609954833984375 400.86517333984375 394.184051513671875 388.31280517578125 383.392059326171875 377.653961181640625 372.3104248046875 369.646728515625 366.370941162109375 364.49493408203125 363.18878173828125 363.2049560546875 363.22662353515625 362.4957275390625
466.225372314453125 467.24444580078125 467.436553955078125 466.236602783203125 466.0838623046875 465.875 465.77166748046875 466.2606201171875 467.878082275390625 466.622406005859375 464.525634765625 463.962066650390625 463.725677490234375 462.907501220703125 460.853790283203125 458.854461669921875 457.25823974609375 455.755523681640625 452.68939208984375 450.333251953125 447.9251708984375 445.19952392578125 442.971221923828125 439.42010498046875 435.356689453125 430.512908935546875 424.499420166015625 418.27423095703125 412.03125 406.828216552734375 400.730621337890625 394.048675537109375 388.50982666015625 383.353973388671875 377.46527099609375 373.3458251953125 370.7257080078125 368.173431396484375 366.03192138671875 364.936309814453125 364.332366943359375 364.01568603515625 363.7274169921875
467.56512451171875 468.228759765625 468.121978759765625 468.097808837890625 468.69403076171875 467.860504150390625 466.36456298828125 466.967559814453125 467.573028564453125 467.495086669921875 465.544097900390625 464.868927001953125 464.431732177734375 463.246551513671875 461.773040771484375 459.72088623046875 456.909820556640625 455.0267333984375 451.824493408203125 449.611602783203125 448.409393310546875 446.009490966796875 443.5970458984375 440.656890869140625 436.6131591796875 430.946746826171875 424.875457763671875 418.532012939453125 411.5096435546875 406.360260009765625 400.27655029296875 394.12298583984375 388.77294921875 383.337127685546875 377.795440673828125 373.595703125 371.80096435546875 370.21148681640625 367.6781005859375 366.379180908203125 366.379150390625 365.714111328125 365.603179931640625
468.776153564453125 469.791046142578125 469.895751953125 469.58746337890625 469.824310302734375 469.392791748046875 468.303955078125 469.10693359375 469.11370849609375 467.52215576171875 465.78216552734375 465.551239013671875 464.421783447265625 463.123077392578125 461.562713623046875 459.054351806640625 456.738128662109375 454.767578125 452.610595703125 450.494964599609375 449.265167236328125 447.1783447265625 444.574310302734375 439.945892333984375 435.4993896484375 430.29425048828125 424.86102294921875 417.211029052734375 409.88543701171875 404.981689453125 400.185791015625 394.418914794921875 388.292999267578125 382.39190673828125 377.955963134765625 373.978302001953125 371.990814208984375 369.509429931640625 368.141693115234375 367.5859375 366.1737060546875 364.913818359375 365.652984619140625
469.783172607421875 470.38641357421875 470.45599365234375 470.31317138671875 470.8359375 470.015655517578125 468.4930419921875 468.905364990234375 469.193115234375 467.248992919921875 466.163665771484375 465.357696533203125 464.25048828125 462.781951904296875 460.561767578125 459.378631591796875 456.035675048828125 452.886566162109375 450.83172607421875 450.961700439453125 448.9901123046875 446.491607666015625 442.1590576171875 438.446624755859375 434.07537841796875 429.035736083984375 422.784027099609375 416.328277587890625 409.214935302734375 404.156494140625 398.2548828125 393.22003173828125 387.2601318359375 381.719482421875 377.60272216796875 373.87152099609375 370.19134521484375 368.0179443359375 368.554412841796875 367.796966552734375 366.384796142578125 366.34014892578125 367.852081298828125
470.084808349609375 471.66937255859375 471.211456298828125 471.286651611328125 471.6868896484375 471.429595947265625 469.89581298828125 469.577789306640625 468.664886474609375 467.0430908203125 466.575836181640625 465.53338623046875 463.98260498046875 462.452423095703125 461.03814697265625 458.57904052734375 455.19110107421875 452.977142333984375 451.59173583984375 449.872161865234375 447.879119873046875 444.9044189453125 440.793609619140625 436.35089111328125 431.41754150390625 426.699859619140625 420.176971435546875 413.611663818359375 406.98602294921875 401.34033203125 394.979949951171875 390.62176513671875 385.116302490234375 379.9454345703125 375.243988037109375 371.663299560546875 367.672821044921875 366.392608642578125 367.663665771484375 368.00030517578125 367.5064697265625 367.739776611328125 368.81304931640625
471.55633544921875 472.471649169921875 472.49603271484375 472.591522216796875 472.6072998046875 471.015472412109375 469.872222900390625 469.00555419921875 468.086517333984375 466.93243408203125 466.255584716796875 465.90960693359375 464.23126220703125 462.386474609375 460.415130615234375 458.18365478515625 455.290374755859375 453.244598388671875 451.337188720703125 449.19622802734375 446.875579833984375 442.9736328125 439.123260498046875 434.43463134765625 429.515228271484375 424.687835693359375 418.034942626953125 411.587371826171875 405.147308349609375 399.16748046875 393.064666748046875 388.083953857421875 382.499542236328125 376.887847900390625 371.66998291015625 365.676422119140625 363.51678466796875 365.03387451171875 366.142425537109375 366.882476806640625 367.96099853515625 368.179534912109375 369.870208740234375
473.053924560546875 473.03765869140625 473.0479736328125 473.08636474609375 472.6864013671875 471.94244384765625 471.298583984375 469.90240478515625 468.285797119140625 466.68292236328125 465.708343505859375 465.733489990234375 464.175750732421875 462.63128662109375 459.75115966796875 457.574005126953125 456.00390625 452.910064697265625 450.727081298828125 448.146148681640625 444.9700927734375 441.592864990234375 436.800201416015625 432.330535888671875 427.382904052734375 419.542327880859375 411.63525390625 407.8482666015625 403.433013916015625 397.734893798828125 391.65338134765625 385.323394775390625 378.73773193359375 371.989166259765625 365.806610107421875 360.565704345703125 361.191986083984375 363.307830810546875 363.998016357421875 367.75872802734375 370.8604736328125 372.5867919921875 372.7960205078125
474.30133056640625 473.86895751953125 473.981231689453125 473.861724853515625 473.285308837890625 471.894683837890625 471.310455322265625 470.65704345703125 469.5076904296875 467.633392333984375 465.777862548828125 465.2049560546875 463.8697509765625 461.47088623046875 459.3287353515625 457.123748779296875 455.9716796875 452.725738525390625 450.041656494140625 447.232147216796875 442.69989013671875 439.01678466796875 434.93878173828125 430.0870361328125 424.817108154296875 416.8614501953125 409.504241943359375 405.179931640625 401.46673583984375 394.646240234375 388.317169189453125 381.515167236328125 372.694244384765625 365.612152099609375 361.843048095703125 359.308319091796875 360.834228515625 362.73431396484375 363.504791259765625 365.995880126953125 369.31219482421875 372.54412841796875 372.40289306640625
473.942138671875 474.472259521484375 474.73858642578125 475.002288818359375 474.176666259765625 472.556793212890625 471.73193359375 470.89276123046875 469.974761962890625 468.2255859375 466.305572509765625 464.88299560546875 463.1907958984375 461.171539306640625 459.36865234375 456.57916259765625 454.79742431640625 452.839569091796875 450.2601318359375 446.698638916015625 442.321807861328125 438.533203125 433.498809814453125 428.38433837890625 424.6014404296875 418.615020751953125 412.63482666015625 406.445556640625 398.8052978515625 392.022003173828125 385.09228515625 376.98095703125 369.3941650390625 362.43499755859375 360.8326416015625 360.034149169921875 360.79736328125 360.90692138671875 364.463134765625 365.70147705078125 367.48565673828125 369.978271484375 369.92376708984375
474.92059326171875 475.203643798828125 474.576019287109375 474.857208251953125 474.6123046875 473.333221435546875 472.59515380859375 471.54022216796875 469.947967529296875 467.924041748046875 466.504364013671875 464.45306396484375 462.42486572265625 460.015838623046875 457.7041015625 455.72113037109375 453.624908447265625 452.812744140625 448.99041748046875 445.436370849609375 441.0770263671875 436.653076171875 431.52734375 426.7900390625 422.077392578125 415.65704345703125 409.615264892578125 403.64776611328125 396.368133544921875 389.632354736328125 380.82000732421875 373.55841064453125 367.80841064453125 362.26092529296875 360.596771240234375 359.197296142578125 359.311859130859375 359.533660888671875 362.47039794921875 365.976776123046875 367.05120849609375 368.171875 369.239959716796875
476.061309814453125 475.908721923828125 474.7939453125 474.779754638671875 474.717803955078125 473.93707275390625 472.5125732421875 471.462005615234375 469.629425048828125 468.598236083984375 467.0032958984375 464.6593017578125 461.860260009765625 458.76043701171875 456.2972412109375 454.191864013671875 451.63671875 450.54864501953125 447.456085205078125 443.5343017578125 438.52880859375 434.41583251953125 429.292633056640625 424.9425048828125 419.309112548828125 413.0560302734375 406.5782470703125 399.074920654296875 391.36285400390625 384.5775146484375 376.479705810546875 370.85272216796875 365.067169189453125 361.3358154296875 359.269317626953125 358.005615234375 357.897491455078125 359.268035888671875 361.60650634765625 364.675384521484375 366.62896728515625 366.96160888671875 367.6695556640625
476.57037353515625 476.1407470703125 474.9061279296875 474.918426513671875 474.479156494140625 473.677093505859375 471.71234130859375 470.760009765625 468.28009033203125 467.896728515625 465.683349609375 463.15570068359375 461.2330322265625 457.720184326171875 454.4222412109375 452.980133056640625 450.2430419921875 448.8084716796875 446.024017333984375 441.808502197265625 437.08953857421875 432.5625 428.24761962890625 422.4879150390625 417.3935546875 410.245330810546875 402.39447021484375 395.5750732421875 386.899688720703125 380.481109619140625 374.440765380859375 367.747955322265625 363.366241455078125 360.0869140625 358.709320068359375 358.09259033203125 358.944122314453125 359.693572998046875 361.978302001953125 364.84942626953125 366.06695556640625 365.59661865234375 363.8447265625
476.797210693359375 476.238433837890625 474.952484130859375 475.120635986328125 473.986297607421875 473.121429443359375 471.347808837890625 469.159942626953125 467.724639892578125 466.455780029296875 464.2757568359375 461.44085693359375 458.8458251953125 455.09088134765625 452.15771484375 450.670989990234375 450.012542724609375 447.766387939453125 444.7786865234375 440.01617431640625 435.5894775390625 430.536376953125 423.26336669921875 416.806549072265625 415.018585205078125 406.89703369140625 399.140594482421875 391.2447509765625 383.1719970703125 376.500244140625 371.109771728515625 364.644439697265625 360.130340576171875 358.32275390625 358.07891845703125 358.659271240234375 358.52484130859375 359.293701171875 361.575897216796875 364.862213134765625 364.9873046875 363.137481689453125 361.83038330078125
